         0          1   0.296598   0.457502
      0.01   0.929896   0.391296   0.550813
      0.02     0.9291   0.396106   0.555419
      0.03   0.925677   0.429015   0.586302
      0.04   0.924721   0.475277   0.627856
      0.05   0.922014   0.495928   0.644952
      0.06   0.917994   0.533874   0.675121
      0.07   0.907046   0.553655   0.687602
      0.08   0.887221   0.578744   0.700527
      0.09   0.865924   0.593551   0.704321
       0.1    0.83742   0.607828   0.704388
      0.11   0.772771   0.617181   0.686267
      0.12   0.734514   0.617647    0.67103
      0.13   0.681847   0.608807    0.64326
      0.14   0.631568   0.598829   0.614763
      0.15   0.575478   0.578375   0.576923
      0.16   0.536664   0.561587   0.548843
      0.17   0.476831   0.534289   0.503927
      0.18    0.44367   0.519278   0.478506
      0.19   0.402269    0.49385    0.44338
       0.2   0.386545   0.476686   0.426909
      0.21   0.350955   0.451977   0.395111
      0.22   0.322811   0.430672   0.369021
      0.23    0.26672   0.399734   0.319953
      0.24   0.218033   0.368692    0.27402
      0.25   0.198328   0.351299   0.253526
      0.26   0.188416   0.344423   0.243581
      0.27   0.182325   0.337302   0.236703
      0.28   0.173169   0.329626   0.227055
      0.29   0.165446   0.321153   0.218387
       0.3   0.149204   0.309207   0.201282
      0.31   0.132882   0.297744   0.183755
      0.32   0.114849   0.273092   0.161696
      0.33  0.0880175   0.233087   0.127782
      0.34  0.0781051   0.220788    0.11539
      0.35  0.0556927   0.192094  0.0863503
      0.36   0.048328   0.177455  0.0759671
      0.37  0.0304936     0.1493  0.0506436
      0.38  0.0222532   0.129808  0.0379931
      0.39  0.0130971   0.112957  0.0234727
       0.4  0.0129777   0.110924  0.0232368
      0.41   0.012699   0.108319  0.0227329
      0.42  0.0125398   0.106572  0.0224393
      0.43  0.0121815   0.106267  0.0218575
      0.44  0.0107086  0.0948767   0.019245
      0.45 0.00999204  0.0917874  0.0180222
      0.46 0.00887739   0.086781  0.0161071
      0.47  0.0084793  0.0807128  0.0153464
      0.48 0.00720541  0.0817757  0.0132439
      0.49 0.00684713   0.081464  0.0126325
       0.5 0.00676752  0.0805288  0.0124857
      0.51 0.00585191  0.0773006  0.0108802
      0.52  0.0053742  0.0747198  0.0100272
      0.53 0.00437898  0.0653846 0.00820823
      0.54 0.00437898  0.0660622 0.00821352
      0.55 0.00410032  0.0635762 0.00770378
      0.56 0.00390127  0.0619112 0.00734002
      0.57 0.00382166  0.0608108 0.00719137
      0.58 0.00382166  0.0597015 0.00718348
      0.59 0.00378185  0.0532787 0.00706239
       0.6 0.00354299  0.0493827 0.00661163
      0.61 0.00338376  0.0429958 0.00627377
      0.62 0.00330414  0.0420757 0.00612713
      0.63 0.00318471  0.0412518 0.00591294
      0.64  0.0031449  0.0402299 0.00583376
      0.65  0.0031449  0.0390738 0.00582128
      0.66  0.0031051  0.0380673 0.00574184
      0.67  0.0031051  0.0368732 0.00572785
      0.68 0.00302548  0.0358209 0.00557969
      0.69 0.00298567  0.0345865 0.00549683
       0.7 0.00290605  0.0334855 0.00534798
      0.71 0.00282643  0.0308642 0.00517863
      0.72 0.00274682  0.0296875 0.00502838
      0.73 0.00274682  0.0286169  0.0050125
      0.74 0.00274682  0.0286169  0.0050125
      0.75 0.00274682  0.0286169  0.0050125
      0.76 0.00274682  0.0287081  0.0050139
      0.77 0.00258758     0.0256 0.00470009
      0.78 0.00258758   0.025641 0.00470078
      0.79 0.00258758  0.0256822 0.00470147
       0.8 0.00258758  0.0257649 0.00470285
      0.81 0.00226911  0.0241935 0.00414908
      0.82 0.00226911  0.0242326 0.00414965
      0.83 0.00226911  0.0226904 0.00412564
      0.84 0.00207006  0.0212072 0.00377194
      0.85 0.00207006  0.0212418 0.00377249
      0.86 0.00171178  0.0206767 0.00316181
      0.87 0.00147293  0.0150538 0.00268331
      0.88 0.00123408  0.0134228 0.00226034
      0.89 0.00123408  0.0135747 0.00226247
       0.9 0.00123408  0.0140515 0.00226889
      0.91 0.000995223  0.0122549 0.00184094
      0.92 0.000995223  0.0125313   0.001844
      0.93 0.000995223   0.012987 0.00184877
      0.94 0.000557325  0.0108696 0.00106028
      0.95 0.000557325  0.0111732 0.00106169
      0.96 0.000278662 0.00867052 0.000539971
      0.97 7.96178e-05 0.00626959 0.000157239
      0.98 3.98089e-05 0.00364964 7.87588e-05
      0.99          0          0          0
