         0          1   0.295659   0.456384
      0.01   0.959722   0.312291   0.471241
      0.02   0.959722   0.313962   0.473142
      0.03   0.959722   0.316678   0.476219
      0.04   0.959526   0.326522   0.487239
      0.05   0.958588   0.337986   0.499762
      0.06    0.95718   0.360483   0.523726
      0.07   0.954638   0.376949   0.540483
      0.08   0.939465   0.405274   0.566267
      0.09   0.928203   0.429789   0.587531
       0.1   0.913538   0.471463   0.621948
      0.11   0.886008   0.514024   0.650598
      0.12    0.86974    0.54153    0.66747
      0.13   0.825786   0.586156   0.685636
      0.14   0.795519   0.617106   0.695045
      0.15   0.764625   0.649555   0.702409
      0.16    0.74038    0.65641   0.695871
      0.17   0.690286    0.66061   0.675122
      0.18    0.65736   0.663046   0.660191
      0.19   0.599914   0.649986   0.623947
       0.2   0.560418   0.640321   0.597711
      0.21    0.51138   0.622222   0.561382
      0.22    0.45456   0.591233   0.513966
      0.23    0.41432   0.570756   0.480117
      0.24   0.351048   0.533121   0.423338
      0.25   0.311552   0.506189   0.385707
      0.26   0.257665   0.469199   0.332651
      0.27   0.228609   0.445202   0.302095
      0.28    0.18399   0.414405   0.254837
      0.29   0.167214   0.398053     0.2355
       0.3    0.13507   0.371116   0.198056
      0.31   0.119232   0.357995   0.178885
      0.32   0.109729   0.344657   0.166462
      0.33  0.0846238   0.317057   0.133592
      0.34  0.0767636   0.305537     0.1227
      0.35  0.0563507   0.272274   0.093376
      0.36  0.0486079   0.263196  0.0820605
      0.37  0.0353512   0.244461  0.0617699
      0.38  0.0281558   0.236945  0.0503308
      0.39  0.0253011   0.233017   0.045646
       0.4  0.0253011   0.235435  0.0456919
      0.41  0.0251056   0.236055  0.0453843
      0.42  0.0247536    0.23786  0.0448408
      0.43  0.0245972    0.23778  0.0445826
      0.44  0.0242453   0.239094  0.0440261
      0.45  0.0242453   0.240068  0.0440425
      0.46  0.0236978    0.23928  0.0431246
      0.47  0.0236978   0.239412  0.0431268
      0.48  0.0236978   0.239965  0.0431357
      0.49  0.0236978   0.242504  0.0431763
       0.5  0.0236978   0.244165  0.0432025
      0.51  0.0234241   0.245646  0.0427697
      0.52  0.0234241   0.248134  0.0428071
      0.53  0.0231503   0.247847  0.0423453
      0.54  0.0231503   0.249023  0.0423624
      0.55  0.0223682    0.25445  0.0411215
      0.56  0.0220945   0.256494  0.0406844
      0.57  0.0220554   0.259977  0.0406612
      0.58  0.0215079   0.264531  0.0397814
      0.59  0.0207649   0.275194   0.038616
       0.6   0.020061   0.270889  0.0373556
      0.61  0.0198655   0.279305  0.0370927
      0.62  0.0193962    0.29477  0.0363974
      0.63  0.0188878   0.309122  0.0356004
      0.64   0.017832   0.330153  0.0338365
      0.65  0.0175583   0.348454  0.0334319
      0.66  0.0169717   0.393365  0.0325395
      0.67  0.0160332   0.426316  0.0309041
      0.68  0.0158767   0.484848  0.0307467
      0.69  0.0155639   0.504854  0.0301969
       0.7  0.0155639   0.530035  0.0302398
      0.71  0.0154075   0.534091  0.0299509
      0.72  0.0153684   0.525292   0.029863
      0.73  0.0142343    0.51626  0.0277048
      0.74  0.0140779   0.512397  0.0274029
      0.75  0.0140388   0.538117  0.0273637
      0.76  0.0139215   0.539906  0.0271431
      0.77  0.0139215   0.538462  0.0271412
      0.78   0.013726   0.529412  0.0267581
      0.79  0.0134522       0.53  0.0262385
       0.8  0.0133349   0.527919  0.0260127
      0.81  0.0131003   0.515789  0.0255516
      0.82  0.0128656   0.521978  0.0251123
      0.83  0.0125528   0.513966   0.024507
      0.84  0.0122791   0.485207   0.023952
      0.85  0.0109495   0.469512  0.0213999
      0.86  0.0107148   0.459627  0.0209415
      0.87  0.0107148    0.45625   0.020938
      0.88  0.0102456   0.427632  0.0200117
      0.89 0.00981542       0.42  0.0191825
       0.9 0.00930705   0.391608   0.018182
      0.91 0.00836853   0.333333  0.0163272
      0.92 0.00762553    0.31746  0.0148933
      0.93  0.0051619   0.264957  0.0101265
      0.94 0.00387142   0.232143 0.00761584
      0.95 0.00172063   0.165049 0.00340576
      0.96 0.00132958       0.14 0.00263414
      0.97 0.000430158  0.0957447 0.000856468
      0.98 0.000234632  0.0595238 0.000467421
      0.99 3.91053e-05  0.0217391 7.80701e-05
