         0          1   0.168956   0.289072
      0.01   0.957007   0.199002    0.32949
      0.02   0.956597   0.202504    0.33425
      0.03   0.953725   0.221123   0.359009
      0.04   0.945684   0.241071   0.384202
      0.05   0.939613    0.25172   0.397067
      0.06   0.923613   0.260922   0.406896
      0.07   0.909829   0.266245   0.411943
      0.08   0.888825   0.271964    0.41649
      0.09    0.87299   0.276368   0.419829
       0.1   0.838202   0.283756   0.423982
      0.11     0.8149   0.292041   0.429985
      0.12   0.802839   0.299377   0.436124
      0.13   0.768625   0.301476   0.433084
      0.14   0.732032   0.299464   0.425047
      0.15   0.674106   0.294006   0.409438
      0.16   0.623154   0.290023   0.395824
      0.17   0.581474   0.291276   0.388128
      0.18   0.551526   0.289453   0.379655
      0.19   0.530768   0.289611   0.374745
       0.2    0.51362   0.285837   0.367278
      0.21    0.47678   0.278934   0.351959
      0.22   0.446997   0.272727   0.338764
      0.23   0.428454   0.268799   0.330348
      0.24   0.400886    0.26052   0.315808
      0.25   0.371021   0.248343   0.297532
      0.26   0.333853   0.234136   0.275241
      0.27   0.305957   0.228079   0.261339
      0.28   0.258287    0.21826   0.236593
      0.29   0.213735    0.20245    0.20794
       0.3   0.160978   0.182519   0.171073
      0.31   0.126928   0.167385   0.144376
      0.32  0.0904989   0.160317   0.115691
      0.33  0.0762225   0.164193   0.104113
      0.34  0.0680177    0.16546  0.0964051
      0.35  0.0566131   0.164527  0.0842397
      0.36  0.0457007   0.162531  0.0713415
      0.37  0.0398753   0.146753   0.062711
      0.38  0.0323269   0.130376   0.051808
      0.39  0.0144404  0.0907801  0.0249173
       0.4   0.011979  0.0798258  0.0208319
      0.41  0.0078766  0.0674663  0.0141063
      0.42  0.0078766   0.065449   0.014061
      0.43  0.0077125  0.0631741  0.0137468
      0.44 0.00738431  0.0595611  0.0131396
      0.45 0.00738431  0.0586371  0.0131168
      0.46 0.00738431  0.0588235  0.0131214
      0.47 0.00738431  0.0591133  0.0131286
      0.48 0.00738431  0.0578512  0.0130969
      0.49 0.00738431  0.0503356  0.0128792
       0.5 0.00738431   0.049236  0.0128425
      0.51 0.00672793  0.0464716  0.0117542
      0.52 0.00672793  0.0450607  0.0117078
      0.53 0.00607155   0.043554  0.0106574
      0.54 0.00574335   0.041958  0.0101037
      0.55 0.00541516  0.0388007 0.00950392
      0.56 0.00541516  0.0320856 0.00926641
      0.57 0.00492287  0.0292505 0.00842741
      0.58 0.00459468  0.0279851  0.0078934
      0.59 0.00434854  0.0272374 0.00749972
       0.6 0.00434854      0.028 0.00752795
      0.61 0.00385625   0.027027 0.00674948
      0.62 0.00254349  0.0218818 0.00455725
      0.63 0.00254349  0.0222717 0.00456557
      0.64 0.00254349  0.0223714 0.00456766
      0.65 0.00254349  0.0223714 0.00456766
      0.66 0.00254349  0.0224215  0.0045687
      0.67 0.00254349  0.0224719 0.00456974
      0.68 0.00254349  0.0202703 0.00451983
      0.69 0.00254349   0.020316 0.00452096
       0.7 0.00254349   0.020362  0.0045221
      0.71 0.00254349  0.0181818 0.00446268
      0.72 0.00254349  0.0183066 0.00446642
      0.73 0.00254349  0.0187793 0.00448017
      0.74 0.00254349  0.0189573  0.0044852
      0.75 0.00254349  0.0193237 0.00449528
      0.76 0.00254349   0.017284 0.00443441
      0.77 0.00254349  0.0177215  0.0044485
      0.78 0.00254349  0.0180412 0.00445842
      0.79 0.00254349   0.018617 0.00447552
       0.8 0.00254349  0.0163488 0.00440211
      0.81 0.00254349  0.0168539 0.00441994
      0.82 0.00254349   0.017341 0.00443628
      0.83 0.00254349  0.0176471 0.00444614
      0.84 0.00254349  0.0182927   0.004466
      0.85 0.00254349  0.0157729 0.00438057
      0.86 0.00254349  0.0165017  0.0044076
      0.87 0.00254349  0.0169492  0.0044232
      0.88 0.00254349  0.0185185 0.00447266
      0.89 0.00254349  0.0203252 0.00452119
       0.9 0.00254349  0.0196078 0.00450287
      0.91 0.00254349  0.0245399 0.00460924
      0.92 0.00254349  0.0310078 0.00470133
      0.93 0.00229734  0.0352941 0.00431389
      0.94 0.00229734  0.0405405 0.00434828
      0.95 0.00229734       0.05 0.00439285
      0.96 0.00123072  0.0384615 0.00238512
      0.97 0.00123072  0.0740741 0.00242121
      0.98 0.000246144  0.0454545 0.000489636
      0.99          0          0          0
