         0          1   0.337394   0.504555
      0.01   0.901074   0.334909    0.48832
      0.02   0.901074   0.334983   0.488399
      0.03   0.899619    0.33563   0.488871
      0.04   0.899619   0.338012   0.491394
      0.05   0.896538   0.340964   0.494039
      0.06    0.88935   0.346916   0.499132
      0.07     0.8849   0.353012   0.504689
      0.08   0.876129   0.366322   0.516633
      0.09   0.861495   0.375248   0.522783
       0.1   0.838817   0.387888   0.530473
      0.11    0.80356   0.401397   0.535366
      0.12   0.764152   0.409485    0.53323
      0.13   0.702495   0.423334   0.528304
      0.14   0.665012   0.433106   0.524571
      0.15   0.613838   0.445007   0.515962
      0.16   0.577981   0.451128   0.506736
      0.17   0.535279   0.451724   0.489965
      0.18   0.505841   0.447357   0.474805
      0.19   0.469342   0.454099   0.461595
       0.2   0.446023   0.457605    0.45174
      0.21   0.415986    0.45773   0.435861
      0.22   0.386034   0.453887    0.41722
      0.23   0.360832   0.449483   0.400308
      0.24   0.330238   0.435403   0.375598
      0.25   0.309657   0.425919     0.3586
      0.26   0.287279   0.415947   0.339842
      0.27   0.271362   0.406732   0.325535
      0.28   0.247229    0.39014   0.302663
      0.29   0.233794   0.374835   0.287972
       0.3   0.204698   0.345633   0.257119
      0.31   0.173591   0.316929   0.224317
      0.32    0.15515   0.299899   0.204502
      0.33   0.122117   0.267742   0.167732
      0.34   0.103889   0.251104   0.146972
      0.35  0.0858329   0.230505   0.125087
      0.36  0.0754354   0.222157   0.112627
      0.37  0.0612725   0.206522  0.0945062
      0.38  0.0583629   0.202694  0.0906302
      0.39  0.0504043   0.194393  0.0800519
       0.4  0.0485645   0.191945  0.0775163
      0.41  0.0426597    0.18618  0.0694144
      0.42  0.0378247   0.182468  0.0626602
      0.43  0.0372684   0.180328  0.0617707
      0.44  0.0361131   0.179504  0.0601293
      0.45  0.0317915   0.176551  0.0538808
      0.46  0.0309358   0.177918   0.052707
      0.47  0.0309358   0.179414  0.0527722
      0.48  0.0295666   0.179127  0.0507554
      0.49  0.0288819   0.179682  0.0497647
       0.5  0.0281118   0.183835  0.0487663
      0.51  0.0258868   0.179592   0.045251
      0.52  0.0247315      0.175  0.0433383
      0.53  0.0175431   0.171629  0.0318324
      0.54  0.0132215   0.172131  0.0245568
      0.55   0.012922   0.176695  0.0240828
      0.56  0.0128792   0.177165  0.0240128
      0.57  0.0127936   0.180685  0.0238953
      0.58  0.0127936    0.18559  0.0239372
      0.59  0.0124513   0.191638  0.0233834
       0.6  0.0122802   0.195889  0.0231115
      0.61  0.0122374    0.20155  0.0230738
      0.62  0.0114244   0.215976  0.0217009
      0.63  0.0113388   0.233387   0.021627
      0.64  0.0112533    0.24237  0.0215079
      0.65  0.0112533   0.241379   0.021504
      0.66  0.0104831   0.242038  0.0200958
      0.67  0.0103119   0.240088  0.0197745
      0.68 0.00941338   0.232227  0.0180933
      0.69 0.00915665   0.229426  0.0176104
       0.7 0.00868598   0.238227  0.0167608
      0.71  0.0075307   0.234234  0.0145923
      0.72 0.00701724   0.226708  0.0136131
      0.73 0.00616148   0.215017  0.0119797
      0.74 0.00599033   0.214286  0.0116548
      0.75 0.00534851   0.213178  0.0104352
      0.76 0.00509178   0.221277  0.0099545
      0.77 0.00427881   0.200893 0.00837915
      0.78  0.0039365   0.195455 0.00771757
      0.79 0.00380814   0.191589 0.00746784
       0.8 0.00363699   0.183575 0.00713266
      0.81 0.00338026   0.183168 0.00663801
      0.82 0.00333747   0.184615 0.00655641
      0.83 0.00312353   0.175532 0.00613784
      0.84 0.00282401   0.174863 0.00555826
      0.85 0.00265286   0.157303 0.00521773
      0.86 0.00183989   0.133721 0.00362983
      0.87 0.00183989   0.136095 0.00363069
      0.88 0.00166873   0.123457 0.00329296
      0.89 0.00154037   0.125828 0.00304348
       0.9 0.00145479      0.112 0.00287228
      0.91 0.000385093  0.0888889 0.000766863
      0.92 0.000385093  0.0833333 0.000766643
      0.93 0.000171152  0.0192308 0.000339285
      0.94          0          0          0
      0.95          0          0          0
      0.96          0          0          0
      0.97          0          0          0
      0.98          0          0          0
      0.99          0          0          0
