         0          1   0.223995   0.366006
      0.01   0.895725    0.25089   0.391986
      0.02   0.895467   0.251767   0.393031
      0.03   0.894499   0.253315    0.39482
      0.04   0.894435   0.257938   0.400406
      0.05   0.893081   0.263654   0.407119
      0.06   0.882376   0.272275   0.416142
      0.07   0.872122   0.280942   0.424983
      0.08    0.85858   0.297521   0.441908
      0.09   0.845425   0.311845   0.455627
       0.1    0.81589   0.329949   0.469878
      0.11   0.771974   0.352134   0.483651
      0.12   0.743922   0.368597   0.492949
      0.13   0.694138   0.386607   0.496618
      0.14   0.663571   0.398835   0.498219
      0.15   0.613142   0.411529   0.492501
      0.16   0.558135   0.412882   0.474644
      0.17    0.51667   0.410099   0.457257
      0.18   0.491907   0.414155   0.449695
      0.19   0.446701   0.404225   0.424403
       0.2    0.41362   0.393905   0.403522
      0.21   0.369897   0.375765   0.372808
      0.22   0.333849   0.357331   0.345191
      0.23   0.286193   0.333646   0.308103
      0.24   0.256078   0.309263   0.280169
      0.25   0.228929   0.293663   0.257287
      0.26   0.185142    0.27014   0.219707
      0.27   0.161991   0.255108   0.198156
      0.28    0.11253   0.227011   0.150471
      0.29  0.0855098   0.212103   0.121882
       0.3  0.0603598   0.194712  0.0921527
      0.31  0.0359837   0.177122  0.0598155
      0.32  0.0337267   0.173994  0.0565013
      0.33  0.0266976   0.169365  0.0461245
      0.34  0.0206358    0.16625  0.0367145
      0.35  0.0206358    0.16625  0.0367145
      0.36  0.0206358    0.16625  0.0367145
      0.37  0.0206358    0.16625  0.0367145
      0.38  0.0206358   0.166458  0.0367196
      0.39  0.0206358   0.166457  0.0367195
       0.4  0.0206358   0.166038  0.0367093
      0.41  0.0206358   0.168153  0.0367604
      0.42  0.0206358   0.166989  0.0367324
      0.43  0.0206358    0.16906   0.036782
      0.44  0.0206358   0.168525  0.0367693
      0.45  0.0206358   0.167874  0.0367537
      0.46  0.0203134   0.165893  0.0361948
      0.47   0.019733   0.165217  0.0352553
      0.48  0.0190882   0.164754  0.0342125
      0.49  0.0183143   0.162125  0.0329109
       0.5  0.0170891   0.152341  0.0307308
      0.51  0.0159928   0.145638  0.0288207
      0.52  0.0154124   0.144526  0.0278544
      0.53    0.01509   0.142751  0.0272946
      0.54  0.0147675   0.140152  0.0267196
      0.55  0.0132843   0.130841  0.0241198
      0.56   0.012575   0.127172  0.0228868
      0.57  0.0121236   0.123102  0.0220732
      0.58  0.0111563   0.120161  0.0204169
      0.59  0.0105759   0.118174  0.0194143
       0.6  0.0105759   0.118033  0.0194124
      0.61  0.0105759   0.118084  0.0194131
      0.62  0.0105759   0.119266  0.0194289
      0.63  0.0103179   0.118587  0.0189841
      0.64  0.0103179   0.120823  0.0190122
      0.65  0.0103179   0.122184  0.0190289
      0.66 0.00999549   0.121053  0.0184662
      0.67 0.00999549   0.122016  0.0184773
      0.68 0.00973754   0.122192  0.0180377
      0.69 0.00947959   0.122151  0.0175938
       0.7 0.00947959    0.12373    0.01761
      0.71 0.00947959   0.119137  0.0175618
      0.72 0.00947959   0.118147   0.017551
      0.73 0.00947959   0.116392  0.0175313
      0.74  0.0094151   0.117011  0.0174279
      0.75 0.00896369    0.11523  0.0166335
      0.76 0.00851228   0.109631  0.0157979
      0.77 0.00664216   0.103563  0.0124837
      0.78 0.00651319   0.101149  0.0122383
      0.79 0.00573934  0.0973558  0.0108397
       0.8 0.00573934  0.0998767  0.0108549
      0.81 0.00573934   0.103093  0.0108733
      0.82 0.00561037   0.104054  0.0106467
      0.83 0.00561037   0.107193  0.0106627
      0.84 0.00554588   0.112977  0.0105728
      0.85 0.00541691     0.1136  0.0103407
      0.86 0.00432063  0.0996377 0.00828212
      0.87  0.0029664  0.0859375 0.00573485
      0.88 0.00206358  0.0906977 0.00403535
      0.89 0.00122525   0.106557 0.00242265
       0.9 0.00122525   0.108333  0.0024231
      0.91 0.00122525   0.102128 0.00242146
      0.92 0.00122525  0.0995671 0.00242072
      0.93 0.00122525  0.0929204 0.00241861
      0.94 0.00109628  0.0875576 0.00216545
      0.95 0.00064487   0.040201 0.00126938
      0.96 0.000193461  0.0108108 0.00038012
      0.97          0          0          0
      0.98          0          0          0
      0.99          0          0          0
