         0          1   0.193017   0.323578
      0.01   0.894909   0.243836   0.383248
      0.02   0.894909   0.250174   0.391034
      0.03   0.894909   0.254098   0.395811
      0.04   0.886657   0.269351   0.413184
      0.05   0.884958   0.286358   0.432701
      0.06   0.873673   0.320735   0.469215
      0.07   0.861841   0.356089   0.503957
      0.08   0.831867   0.390988   0.531952
      0.09   0.807718   0.405252   0.539715
       0.1   0.767186    0.41459   0.538288
      0.11   0.714944   0.424393   0.532621
      0.12   0.672229   0.430065   0.524546
      0.13   0.620836   0.437264   0.513126
      0.14   0.606213   0.440346   0.510135
      0.15   0.565621   0.431072   0.489265
      0.16   0.533948   0.418719   0.469365
      0.17   0.497421   0.397918   0.442141
      0.18   0.451854   0.378592   0.411991
      0.19   0.395971   0.343887   0.368096
       0.2    0.36084   0.324275   0.341582
      0.21    0.31236    0.29222   0.301954
      0.22   0.277592   0.276781   0.277186
      0.23   0.268794   0.270772    0.26978
      0.24   0.255142   0.257129   0.256132
      0.25   0.237486   0.245552   0.241451
      0.26   0.207026   0.228408   0.217192
      0.27   0.196893       0.22   0.207806
      0.28   0.183848   0.209402   0.195795
      0.29    0.17772   0.202812   0.189439
       0.3   0.154906   0.183333   0.167925
      0.31   0.139433   0.167518   0.152191
      0.32   0.133669   0.161105    0.14611
      0.33   0.110734   0.137068   0.122501
      0.34   0.100661   0.128546   0.112907
      0.35  0.0742067   0.110422  0.0887624
      0.36  0.0687458   0.104403  0.0829028
      0.37  0.0459317  0.0833333  0.0592216
      0.38  0.0302166  0.0678308  0.0418087
      0.39  0.0118925  0.0528145  0.0194135
       0.4  0.0114678  0.0515173  0.0187596
      0.41 0.00910139  0.0504386  0.0154203
      0.42 0.00910139  0.0517774  0.0154815
      0.43 0.00910139  0.0527559  0.0155245
      0.44 0.00910139   0.054251  0.0155877
      0.45 0.00910139  0.0562552  0.0156679
      0.46 0.00910139  0.0588768  0.0157657
      0.47 0.00910139  0.0603528  0.0158175
      0.48 0.00910139  0.0606635  0.0158281
      0.49 0.00910139  0.0614203  0.0158536
       0.5 0.00898004  0.0604878  0.0156384
      0.51 0.00873733  0.0608175  0.0152795
      0.52 0.00873733  0.0609756  0.0152845
      0.53 0.00825193  0.0618449   0.014561
      0.54 0.00782719  0.0608324  0.0138698
      0.55 0.00782719  0.0608696  0.0138708
      0.56 0.00758449  0.0601093  0.0134694
      0.57 0.00758449  0.0594059  0.0134516
      0.58 0.00728111  0.0574586  0.0129244
      0.59 0.00728111  0.0575221  0.0129261
       0.6 0.00728111  0.0575221  0.0129261
      0.61 0.00697773  0.0544444  0.0123701
      0.62 0.00697773  0.0548098  0.0123795
      0.63 0.00673503  0.0531674  0.0119556
      0.64 0.00673503  0.0541475    0.01198
      0.65 0.00467205   0.050175 0.00854813
      0.66 0.00467205  0.0507674 0.00855664
      0.67 0.00467205  0.0512515 0.00856346
      0.68 0.00467205  0.0520581 0.00857455
      0.69 0.00467205  0.0517241    0.00857
       0.7 0.00467205  0.0519802  0.0085735
      0.71 0.00467205  0.0523039 0.00857787
      0.72 0.00467205     0.0525  0.0085805
      0.73 0.00467205  0.0516373  0.0085688
      0.74 0.00467205  0.0521628 0.00857597
      0.75 0.00467205  0.0531777 0.00858945
      0.76 0.00461137  0.0509138 0.00845679
      0.77 0.00461137  0.0497382 0.00844022
      0.78 0.00461137  0.0485564 0.00842283
      0.79 0.00388326  0.0461741 0.00716402
       0.8 0.00388326  0.0449735 0.00714922
      0.81 0.00285177  0.0425532 0.00534531
      0.82 0.00200231  0.0400534 0.00381395
      0.83 0.00200231  0.0364372 0.00379601
      0.84 0.00182028  0.0315501 0.00344197
      0.85 0.00157757  0.0308555 0.00300168
      0.86 0.00157757  0.0307692 0.00300127
      0.87 0.00157757    0.03125 0.00300352
      0.88 0.00157757  0.0348837 0.00301863
      0.89 0.00127419  0.0337553 0.00245569
       0.9 0.000788787  0.0393258 0.00154655
      0.91 0.000364056  0.0409091 0.000721689
      0.92 0.000364056  0.0459184 0.000722384
      0.93 0.000364056  0.0555556 0.000723371
      0.94 0.000364056  0.0681818 0.000724244
      0.95 0.000364056  0.0727273 0.000724485
      0.96 0.000364056  0.0588235 0.000723633
      0.97 0.000364056  0.0508475 0.000722935
      0.98 0.000182028  0.0212766 0.000360967
      0.99          0          0          0
