         0          1   0.282356    0.44037
      0.01   0.939471   0.279982   0.431399
      0.02   0.939471   0.279982   0.431399
      0.03   0.939471   0.280018    0.43144
      0.04   0.939471   0.280492   0.432004
      0.05   0.939471   0.281376   0.433051
      0.06   0.939358   0.284022   0.436166
      0.07   0.937331   0.286735   0.439136
      0.08   0.932376   0.291548   0.444198
      0.09   0.927703   0.296532   0.449413
       0.1   0.917568   0.305672   0.458577
      0.11   0.905011   0.317383   0.469955
      0.12   0.889414   0.324091   0.475072
      0.13   0.868863   0.334332   0.482862
      0.14   0.858615   0.340728   0.487857
      0.15   0.832658   0.348726   0.491575
      0.16   0.814189   0.353717   0.493178
      0.17   0.783784   0.360688   0.494029
      0.18   0.766047   0.364708   0.494154
      0.19   0.735135   0.370175   0.492403
       0.2   0.724606   0.374821   0.494071
      0.21   0.689358   0.378923   0.489035
      0.22   0.658277   0.383607   0.484737
      0.23   0.632376   0.385294    0.47884
      0.24    0.58795    0.38662   0.466489
      0.25   0.562275   0.387667   0.458923
      0.26   0.530687   0.390226   0.449745
      0.27   0.507714    0.38967   0.440928
      0.28   0.476351   0.388346    0.42787
      0.29   0.449268   0.386911   0.415764
       0.3   0.419313   0.387474   0.402765
      0.31   0.383502   0.379841   0.381663
      0.32   0.365484   0.378666   0.371958
      0.33   0.337613    0.37232   0.354118
      0.34   0.317905   0.368009   0.341127
      0.35    0.28964   0.361624   0.321653
      0.36   0.270833   0.356572   0.307844
      0.37   0.258615   0.353118   0.298567
      0.38   0.252027   0.349277   0.292788
      0.39   0.242173   0.344665   0.284469
       0.4   0.228885   0.336078   0.272312
      0.41   0.214696    0.32874   0.259752
      0.42   0.201914     0.3159   0.246361
      0.43   0.190709   0.312583    0.23689
      0.44   0.171678     0.3074   0.220314
      0.45   0.158671    0.30495   0.208734
      0.46   0.138401   0.298396   0.189096
      0.47   0.135248   0.300168   0.186475
      0.48   0.127703   0.302536   0.179596
      0.49   0.120946   0.301335   0.172611
       0.5    0.10777   0.295362    0.15792
      0.51   0.100901   0.292842   0.150088
      0.52  0.0984234   0.294251   0.147507
      0.53  0.0893581    0.29551   0.137222
      0.54  0.0858108   0.292453   0.132688
      0.55  0.0823198   0.290146   0.128252
      0.56  0.0787725   0.283539   0.123292
      0.57  0.0715653   0.276276   0.113683
      0.58  0.0685811   0.266458   0.109086
      0.59   0.065991   0.268623   0.105953
       0.6  0.0646396    0.26815   0.104169
      0.61  0.0619932   0.263682   0.100385
      0.62  0.0570946   0.262585  0.0937951
      0.63  0.0516892   0.267964  0.0866617
      0.64  0.0484797   0.263682  0.0819013
      0.65  0.0414414   0.251761  0.0711681
      0.66  0.0359797   0.243191  0.0626853
      0.67  0.0311374   0.245322  0.0552608
      0.68  0.0295045   0.247086  0.0527144
      0.69  0.0242117   0.235149   0.043903
       0.7  0.0225225   0.226158  0.0409654
      0.71  0.0177928    0.21148   0.032824
      0.72  0.0134009   0.196013  0.0250867
      0.73 0.00731982    0.17316  0.0140459
      0.74 0.00411036   0.171296 0.00802808
      0.75 0.00388514       0.16 0.00758606
      0.76  0.0035473   0.154696 0.00693556
      0.77 0.00349099   0.142012 0.00681447
      0.78 0.00349099   0.142857 0.00681543
      0.79 0.00298423    0.13986 0.00584378
       0.8 0.00298423   0.154472 0.00585535
      0.81 0.00275901   0.163636 0.00542652
      0.82 0.00275901   0.168317 0.00542903
      0.83 0.00275901   0.180851  0.0054351
      0.84 0.00219595   0.170455 0.00433603
      0.85 0.00219595     0.1875 0.00434105
      0.86 0.000563063   0.180556 0.00112263
      0.87 0.000563063   0.193548 0.00112286
      0.88 0.000563063   0.226415 0.00112333
      0.89 0.000563063   0.244898 0.00112354
       0.9 0.000563063   0.255814 0.00112365
      0.91 0.000563063    0.27027 0.00112378
      0.92 0.000563063       0.25  0.0011236
      0.93 0.000563063       0.35 0.00112432
      0.94 0.000563063   0.466667 0.00112477
      0.95 0.000563063   0.555556 0.00112499
      0.96 0.000563063   0.555556 0.00112499
      0.97 0.000563063        0.5 0.00112486
      0.98 0.000394144        0.4 0.000787512
      0.99          0          0          0
