         0          1   0.230724    0.37494
      0.01   0.897783   0.212766   0.344006
      0.02   0.896937   0.212681   0.343833
      0.03   0.892875    0.21234   0.343088
      0.04   0.883991   0.211236    0.34099
      0.05    0.86986   0.209993   0.338314
      0.06   0.840582   0.208031   0.333521
      0.07   0.817397   0.208565   0.332333
      0.08    0.78025   0.210478   0.331525
      0.09   0.752919   0.214453   0.333823
       0.1   0.700203   0.223263    0.33857
      0.11   0.672364   0.230418   0.343216
      0.12   0.624302   0.231822   0.338098
      0.13   0.570401   0.234279    0.33214
      0.14   0.533762   0.234051   0.325411
      0.15   0.493315   0.235823   0.319103
      0.16   0.470638   0.237772   0.315931
      0.17   0.435184   0.238119   0.307812
      0.18   0.419868   0.238534    0.30423
      0.19    0.37959   0.235704   0.290823
       0.2   0.352428   0.230937   0.279032
      0.21   0.328313   0.230984    0.27118
      0.22    0.30022   0.227486    0.25884
      0.23   0.289389   0.228258   0.255214
      0.24   0.262819   0.228564   0.244497
      0.25   0.246319    0.22482   0.235079
      0.26   0.213996   0.217612   0.215788
      0.27   0.190049   0.211876    0.20037
      0.28   0.171603    0.20706   0.187671
      0.29   0.155695   0.203448   0.176397
       0.3    0.13691    0.19495   0.160855
      0.31   0.126756   0.193837   0.153278
      0.32   0.112032    0.19285    0.14173
      0.33   0.106363   0.189176   0.136167
      0.34  0.0980707    0.17484   0.125658
      0.35  0.0777627   0.157316   0.104079
      0.36  0.0701472   0.143985  0.0943357
      0.37  0.0602471   0.138981  0.0840564
      0.38  0.0467084   0.133426  0.0691941
      0.39  0.0434084   0.128983  0.0649562
       0.4  0.0408699   0.126693  0.0618028
      0.41  0.0365544   0.120555  0.0560987
      0.42  0.0335928   0.117593  0.0522573
      0.43   0.032239   0.115385  0.0503968
      0.44  0.0261466   0.106765   0.042006
      0.45   0.024285   0.100897  0.0391475
      0.46  0.0209003    0.10362  0.0347846
      0.47  0.0169233   0.097429  0.0288376
      0.48  0.0160772  0.0940299  0.0274594
      0.49  0.0106617  0.0830721   0.018898
       0.5  0.0102386  0.0757576  0.0180392
      0.51 0.00939245  0.0708955  0.0165874
      0.52 0.00905399  0.0644531  0.0158776
      0.53 0.00736165    0.04814  0.0127704
      0.54 0.00634625  0.0398126  0.0109474
      0.55 0.00465392  0.0273973 0.00795631
      0.56 0.00431545  0.0232558 0.00727999
      0.57 0.000592317  0.0191693 0.00114913
      0.58 0.000592317  0.0170068 0.00114476
      0.59 0.000592317  0.0184502 0.00114779
       0.6 0.000592317  0.0190114 0.00114884
      0.61 0.000592317  0.0162602   0.001143
      0.62 0.000592317  0.0167364 0.00114414
      0.63 0.000423083   0.012931 0.000819359
      0.64 0.000423083  0.0135135 0.000820479
      0.65 0.00025385  0.0046729 0.000481541
      0.66          0          0          0
      0.67          0          0          0
      0.68          0          0          0
      0.69          0          0          0
       0.7          0          0          0
      0.71          0          0          0
      0.72          0          0          0
      0.73          0          0          0
      0.74          0          0          0
      0.75          0          0          0
      0.76          0          0          0
      0.77          0          0          0
      0.78          0          0          0
      0.79          0          0          0
       0.8          0          0          0
      0.81          0          0          0
      0.82          0          0          0
      0.83          0          0          0
      0.84          0          0          0
      0.85          0          0          0
      0.86          0          0          0
      0.87          0          0          0
      0.88          0          0          0
      0.89          0          0          0
       0.9          0          0          0
      0.91          0          0          0
      0.92          0          0          0
      0.93          0          0          0
      0.94          0          0          0
      0.95          0          0          0
      0.96          0          0          0
      0.97          0          0          0
      0.98          0          0          0
      0.99          0          0          0
