         0          1   0.150167   0.261123
      0.01   0.853212    0.14242   0.244095
      0.02   0.852168   0.153125   0.259603
      0.03   0.852168   0.156723   0.264754
      0.04   0.850745   0.158288   0.266914
      0.05   0.849322   0.159159    0.26808
      0.06   0.843628   0.160461   0.269637
      0.07   0.839359   0.161731   0.271205
      0.08   0.833855   0.164969   0.275445
      0.09   0.824651   0.166506   0.277068
       0.1   0.814878   0.171679   0.283607
      0.11   0.801974   0.174709   0.286914
      0.12   0.782427   0.175579     0.2868
      0.13   0.763924   0.177281   0.287778
      0.14    0.74713   0.178678   0.288387
      0.15   0.731853   0.181216   0.290501
      0.16   0.720941   0.183237   0.292206
      0.17   0.708227   0.187149   0.296063
      0.18    0.68479   0.189323   0.296635
      0.19   0.667331   0.193913   0.300506
       0.2   0.645697    0.19344   0.297695
      0.21   0.621501   0.195539   0.297483
      0.22   0.575197   0.197165   0.293667
      0.23    0.54379   0.197213   0.289453
      0.24   0.501945   0.198734   0.284734
      0.25   0.473005   0.198561   0.279705
      0.26   0.441788   0.196789    0.27229
      0.27   0.429642   0.196651   0.269808
      0.28   0.391973   0.193421   0.259025
      0.29    0.38163   0.194197   0.257409
       0.3   0.364076   0.195015   0.253984
      0.31   0.350033   0.198444    0.25329
      0.32   0.342442   0.198658   0.251446
      0.33   0.320714   0.198817   0.245465
      0.34   0.313218   0.196584   0.241559
      0.35   0.298605   0.200312   0.239776
      0.36   0.280197   0.197044   0.231377
      0.37   0.263592    0.20021    0.22757
      0.38   0.254958   0.203315   0.226227
      0.39   0.234368   0.204805   0.218591
       0.4   0.228674   0.217619    0.22301
      0.41   0.211405   0.233367   0.221844
      0.42   0.203055   0.245121   0.222114
      0.43   0.192713   0.244228   0.215434
      0.44   0.180188   0.241153    0.20626
      0.45   0.172028    0.24328   0.201542
      0.46   0.159123   0.237491   0.190565
      0.47   0.153715   0.244195   0.188668
      0.48    0.14119   0.244681   0.179057
      0.49   0.127431   0.241148   0.166748
       0.5   0.113578   0.242038   0.154606
      0.51  0.0991555   0.247337   0.141561
      0.52  0.0886232   0.255484   0.131597
      0.53  0.0724926   0.262849   0.113643
      0.54  0.0544644   0.266776  0.0904605
      0.55  0.0512383   0.285714  0.0868936
      0.56  0.0510485   0.307536  0.0875623
      0.57  0.0490559   0.325112  0.0852487
      0.58  0.0470633   0.340633  0.0827003
      0.59   0.039852   0.345821  0.0714681
       0.6  0.0383338   0.351097  0.0691208
      0.61  0.0353924   0.348432  0.0642577
      0.62  0.0316918   0.321285  0.0576928
      0.63  0.0269475   0.312796  0.0496203
      0.64  0.0198311   0.278351  0.0370244
      0.65  0.0187874   0.265193  0.0350889
      0.66  0.0134738      0.225   0.025425
      0.67  0.0122403   0.214286  0.0231577
      0.68 0.00436474    0.18797 0.00853138
      0.69 0.00436474   0.196721    0.00854
       0.7 0.00426985   0.186916 0.00834899
      0.71 0.00426985   0.181818 0.00834376
      0.72  0.0039852   0.136364 0.00774408
      0.73 0.000853971  0.0512821 0.00167997
      0.74 0.000853971  0.0526316 0.00168067
      0.75  0.0006642  0.0416667 0.00130756
      0.76 0.000284657   0.030303 0.000564016
      0.77 0.000284657  0.0322581 0.000564334
      0.78 0.000284657  0.0344828 0.000564653
      0.79 9.48857e-05  0.0181818 0.000188786
       0.8 9.48857e-05  0.0188679 0.000188822
      0.81 9.48857e-05  0.0204082 0.000188893
      0.82          0          0          0
      0.83          0          0          0
      0.84          0          0          0
      0.85          0          0          0
      0.86          0          0          0
      0.87          0          0          0
      0.88          0          0          0
      0.89          0          0          0
       0.9          0          0          0
      0.91          0          0          0
      0.92          0          0          0
      0.93          0          0          0
      0.94          0          0          0
      0.95          0          0          0
      0.96          0          0          0
      0.97          0          0          0
      0.98          0          0          0
      0.99          0          0          0
