         0          1   0.253826   0.404882
      0.01    0.92958   0.256996   0.402669
      0.02    0.92958   0.257308   0.403051
      0.03    0.92854   0.258648   0.404595
      0.04   0.924929   0.264215   0.411019
      0.05   0.922685   0.270772   0.418678
      0.06   0.917487   0.282565   0.432064
      0.07   0.910867   0.290164   0.440123
      0.08   0.894506   0.299082    0.44828
      0.09   0.878365   0.306174   0.454071
       0.1   0.848271   0.312999   0.457272
      0.11   0.821898   0.318696   0.459296
      0.12   0.795688   0.322232   0.458703
      0.13   0.751641   0.324638   0.453435
      0.14   0.719906   0.323329    0.44624
      0.15   0.654355   0.324284   0.433657
      0.16   0.620158   0.323022   0.424786
      0.17   0.560845    0.32323   0.410106
      0.18   0.521066   0.323582   0.399237
      0.19   0.475049   0.328237   0.388227
       0.2   0.448621   0.329372   0.379857
      0.21   0.406216     0.3307   0.364589
      0.22   0.358612   0.322875   0.339807
      0.23   0.343456   0.322917    0.33287
      0.24   0.314456   0.315171   0.314813
      0.25   0.286551   0.302439   0.294281
      0.26   0.262311   0.290646   0.275753
      0.27   0.243708   0.280753   0.260922
      0.28   0.227019   0.266755   0.245288
      0.29   0.213778   0.256004   0.232993
       0.3   0.202123   0.241815   0.220195
      0.31     0.1891   0.232134   0.208419
      0.32   0.179087   0.223902   0.199003
      0.33   0.166174   0.216485   0.188022
      0.34   0.159225   0.208797   0.180672
      0.35   0.139035   0.191223   0.161005
      0.36   0.127325   0.181673    0.14972
      0.37    0.11578   0.167213   0.136823
      0.38   0.103907   0.153374   0.123885
      0.39  0.0871088   0.139111   0.107133
       0.4  0.0776428   0.126016  0.0960847
      0.41  0.0567958   0.110583  0.0750471
      0.42  0.0462355  0.0994575  0.0631254
      0.43  0.0404355  0.0952092  0.0567635
      0.44  0.0302035  0.0883978  0.0450236
      0.45  0.0254432  0.0854115   0.039207
      0.46  0.0239659  0.0824281  0.0371348
      0.47  0.0184942  0.0789817  0.0299706
      0.48  0.0120376  0.0758075  0.0207762
      0.49  0.0116546  0.0715241  0.0200433
       0.5 0.00700372  0.0650685  0.0126462
      0.51 0.00700372  0.0656316  0.0126568
      0.52 0.00700372   0.065562  0.0126555
      0.53 0.00700372  0.0669643  0.0126811
      0.54   0.006949  0.0664653  0.0125825
      0.55   0.006949  0.0690738  0.0126276
      0.56 0.00689429  0.0694108  0.0125428
      0.57 0.00689429  0.0735043  0.0126062
      0.58 0.00683957  0.0752879  0.0125399
      0.59 0.00673014  0.0808179  0.0124255
       0.6 0.00673014  0.0854789  0.0124778
      0.61 0.00667542  0.0871003  0.0124005
      0.62  0.0066207  0.0905753  0.0123394
      0.63  0.0066207  0.0957447   0.012385
      0.64 0.00634712  0.0978916  0.0119213
      0.65 0.00629241   0.102606  0.0118576
      0.66 0.00574524   0.104972  0.0108942
      0.67 0.00541694   0.108911  0.0103206
      0.68 0.00541694    0.11674  0.0103535
      0.69 0.00497921   0.120773 0.00956411
       0.7 0.00415846   0.121951 0.00804267
      0.71 0.00306413   0.116564 0.00597129
      0.72 0.00257168   0.108108 0.00502385
      0.73  0.0022981    0.12253 0.00451158
      0.74 0.00186036   0.132743  0.0036693
      0.75 0.00180565   0.151042 0.00356863
      0.76 0.00180565   0.165714 0.00357237
      0.77 0.00158678   0.165605 0.00314344
      0.78 0.00136791   0.158621 0.00271244
      0.79 0.00114905   0.129771 0.00227793
       0.8 0.00103961  0.0948276 0.00205668
      0.81 0.000766032  0.0776699  0.0015171
      0.82 0.000656599  0.0714286 0.00130124
      0.83 0.000383016  0.0571429 0.000760932
      0.84 0.000328299  0.0483871 0.000652174
      0.85 0.000328299  0.0545455 0.000652671
      0.86 0.000218866  0.0392157 0.000435303
      0.87 0.000218866       0.04 0.00043535
      0.88 0.000218866  0.0416667 0.000435445
      0.89 0.00016415  0.0222222 0.000325892
       0.9 0.00016415  0.0238095 0.000326052
      0.91          0          0          0
      0.92          0          0          0
      0.93          0          0          0
      0.94          0          0          0
      0.95          0          0          0
      0.96          0          0          0
      0.97          0          0          0
      0.98          0          0          0
      0.99          0          0          0
