         0          1   0.418411   0.589971
      0.01   0.928761   0.439468   0.596626
      0.02   0.927875   0.441074   0.597921
      0.03   0.927654   0.445776    0.60218
      0.04   0.927021   0.465365    0.61966
      0.05   0.926514   0.482891   0.634885
      0.06   0.922875   0.498315    0.64718
      0.07   0.919584   0.506669   0.653355
      0.08   0.915912   0.515655   0.659829
      0.09   0.911577   0.523017   0.664676
       0.1   0.898728   0.530414    0.66711
      0.11   0.883664   0.535479   0.666858
      0.12   0.869296   0.543192     0.6686
      0.13   0.843408   0.567362   0.678378
      0.14   0.818944   0.595233   0.689394
      0.15   0.778594   0.641009   0.703134
      0.16   0.752896   0.654585   0.700307
      0.17   0.709855   0.662968   0.685611
      0.18   0.679822   0.664923    0.67229
      0.19   0.639914   0.674924   0.656953
       0.2   0.615767   0.687773   0.649781
      0.21   0.586366   0.697969   0.637319
      0.22   0.549687   0.700675   0.616065
      0.23   0.527059   0.706261   0.603641
      0.24   0.498544   0.718234   0.588557
      0.25   0.489018   0.718803   0.582053
      0.26   0.474112   0.717629   0.570991
      0.27   0.462118    0.71544   0.561531
      0.28   0.440059   0.712272   0.544014
      0.29    0.43104   0.709898   0.536391
       0.3   0.409931   0.704484   0.518281
      0.31   0.382113   0.699949   0.494352
      0.32   0.359485   0.694371   0.473719
      0.33    0.33211   0.680622   0.446399
      0.34   0.311317   0.671677   0.425444
      0.35   0.277771   0.651842   0.389544
      0.36   0.258339   0.634915   0.367249
      0.37   0.228749   0.611111   0.332891
      0.38   0.199823   0.588569   0.298353
      0.39   0.156466   0.537019   0.242327
       0.4   0.124976   0.515937   0.201213
      0.41  0.0838661   0.406271   0.139032
      0.42  0.0497816    0.28479   0.084749
      0.43  0.0340844   0.236979  0.0595971
      0.44  0.0317742   0.220339  0.0555392
      0.45  0.0246851   0.199446  0.0439327
      0.46    0.01383    0.16441  0.0255138
      0.47  0.0106336   0.155819  0.0199085
      0.48  0.0104437    0.15439   0.019564
      0.49  0.0104437   0.155172  0.0195702
       0.5  0.0104121   0.154321  0.0195079
      0.51  0.0104121   0.152792  0.0194956
      0.52  0.0104121   0.153115  0.0194982
      0.53  0.0102222   0.153105  0.0191648
      0.54  0.0100956   0.152339  0.0189362
      0.55  0.0100956   0.153153  0.0189425
      0.56 0.00993734   0.154023  0.0186701
      0.57  0.0097158   0.154578  0.0182825
      0.58 0.00968416   0.155529   0.018233
      0.59 0.00958921   0.157629  0.0180786
       0.6 0.00958921   0.158568  0.0180848
      0.61 0.00939933    0.15544  0.0177267
      0.62 0.00939933   0.152344  0.0177062
      0.63 0.00933603   0.150131  0.0175789
      0.64 0.00914615   0.146982  0.0172207
      0.65 0.00800684    0.14077  0.0151519
      0.66 0.00800684   0.139628  0.0151452
      0.67 0.00800684   0.139814  0.0151463
      0.68 0.00800684   0.138667  0.0151395
      0.69 0.00800684   0.136729  0.0151278
       0.7 0.00781695   0.133423  0.0147686
      0.71 0.00759542   0.128065  0.0143403
      0.72 0.00759542   0.127223   0.014335
      0.73 0.00746883   0.127601  0.0141117
      0.74 0.00746883   0.129577  0.0141236
      0.75 0.00746883   0.130435  0.0141286
      0.76 0.00689917    0.13024  0.0131042
      0.77 0.00566492   0.133111  0.0108673
      0.78 0.00566492    0.14652  0.0109081
      0.79 0.00566492   0.144954  0.0109037
       0.8 0.00528514   0.141243   0.010189
      0.81 0.00515855   0.141762 0.00995486
      0.82 0.00433572   0.134241 0.00840013
      0.83 0.00424077   0.132937 0.00821935
      0.84 0.00424077   0.140461 0.00823298
      0.85 0.00398759   0.133909 0.00774457
      0.86 0.00351288   0.113839 0.00681545
      0.87 0.00284828    0.10181 0.00554153
      0.88 0.00275334  0.0925926 0.00534766
      0.89 0.00246851  0.0820896 0.00479289
       0.9 0.00151908  0.0954357 0.00299057
      0.91 0.000632951  0.0572917 0.00125207
      0.92 0.000506361  0.0558659 0.00100363
      0.93 0.000253181  0.0414201 0.000503285
      0.94 0.000253181  0.0301205 0.00050214
      0.95 0.000253181    0.01875 0.000499615
      0.96          0          0          0
      0.97          0          0          0
      0.98          0          0          0
      0.99          0          0          0
