         0          1   0.223412   0.365227
      0.01    0.96658   0.246546    0.39288
      0.02    0.96658   0.246732   0.393116
      0.03    0.96658   0.247447   0.394024
      0.04    0.96658   0.250223   0.397535
      0.05    0.96658    0.25259   0.400515
      0.06   0.966439   0.257844    0.40708
      0.07   0.966158   0.261764   0.411925
      0.08   0.959403   0.268097   0.419084
      0.09   0.954056   0.271469    0.42267
       0.1   0.937029   0.275289   0.425555
      0.11   0.914163   0.277819   0.426133
      0.12   0.896714   0.280338    0.42714
      0.13   0.856258   0.280631   0.422719
      0.14   0.816576   0.281687   0.418878
      0.15    0.75051    0.27831   0.406046
      0.16    0.70527   0.275984   0.396723
      0.17   0.622036   0.266648   0.373281
      0.18   0.572997   0.254397   0.352356
      0.19   0.474988   0.233363   0.312965
       0.2   0.418279   0.219512   0.287923
      0.21   0.323858    0.19041    0.23982
      0.22   0.246676   0.161545   0.195234
      0.23   0.202702   0.140108   0.165691
      0.24   0.142334   0.112695   0.125793
      0.25   0.114473   0.102397   0.108098
      0.26  0.0856258  0.0874251  0.0865161
      0.27   0.074861  0.0782313  0.0765091
      0.28  0.0516429  0.0643817  0.0573129
      0.29  0.0408781  0.0553108  0.0470117
       0.3  0.0368677  0.0509091  0.0427653
      0.31  0.0298318  0.0427163  0.0351299
      0.32  0.0234996  0.0373303  0.0288426
      0.33  0.0169563  0.0309399  0.0219068
      0.34  0.0119609   0.028436  0.0168389
      0.35  0.0110462  0.0249695  0.0153166
      0.36 0.00999085  0.0216853  0.0136793
      0.37 0.00661366  0.0178685 0.00965407
      0.38 0.00619151  0.0168503 0.00905561
      0.39  0.0013368  0.0153846 0.00245987
       0.4  0.0013368  0.0167683  0.0024762
      0.41  0.0013368  0.0163934 0.00247203
      0.42  0.0013368  0.0169628  0.0024783
      0.43  0.0013368  0.0172982 0.00248181
      0.44  0.0013368  0.0169062 0.00247769
      0.45  0.0013368  0.0171674 0.00248046
      0.46  0.0013368  0.0173762 0.00248261
      0.47  0.0013368  0.0175439 0.00248431
      0.48  0.0013368   0.016158 0.00246931
      0.49  0.0013368  0.0145852 0.00244913
       0.5  0.0013368  0.0139795 0.00244026
      0.51  0.0013368  0.0115163 0.00239554
      0.52 0.00126645 0.00976562 0.00224212
      0.53 0.000914656 0.00703518 0.00161884
      0.54 0.000844297 0.00610376  0.0014834
      0.55 0.000633223 0.00534188 0.00113223
      0.56 0.000633223  0.0055371 0.00113648
      0.57 0.000633223 0.00580046  0.0011418
      0.58 0.000422149 0.00480192 0.000776071
      0.59 0.000351791 0.00381679 0.000644205
       0.6 0.000351791      0.004 0.000646705
      0.61 0.000351791 0.00429185 0.00065028
      0.62 0.000351791 0.00458015 0.000653395
      0.63 0.000351791 0.00488599 0.000656326
      0.64 0.000211074 0.00359066 0.000398711
      0.65 0.000211074   0.003861 0.000400267
      0.66 0.000211074   0.004329 0.000402522
      0.67 0.000211074 0.00464037 0.000403782
      0.68 0.000211074 0.00530504 0.000405995
      0.69 0.000140716 0.00280112 0.000267971
       0.7 0.000140716 0.00315457 0.000269415
      0.71 0.000140716 0.00358423 0.000270801
      0.72 0.000140716  0.0041841 0.000272276
      0.73 0.000140716 0.00515464 0.000273954
      0.74          0          0          0
      0.75          0          0          0
      0.76          0          0          0
      0.77          0          0          0
      0.78          0          0          0
      0.79          0          0          0
       0.8          0          0          0
      0.81          0          0          0
      0.82          0          0          0
      0.83          0          0          0
      0.84          0          0          0
      0.85          0          0          0
      0.86          0          0          0
      0.87          0          0          0
      0.88          0          0          0
      0.89          0          0          0
       0.9          0          0          0
      0.91          0          0          0
      0.92          0          0          0
      0.93          0          0          0
      0.94          0          0          0
      0.95          0          0          0
      0.96          0          0          0
      0.97          0          0          0
      0.98          0          0          0
      0.99          0          0          0
