         0          1   0.176689   0.300316
      0.01   0.906057   0.158406   0.269667
      0.02   0.906057   0.158481   0.269775
      0.03   0.906057   0.159191   0.270803
      0.04   0.903345    0.16136    0.27381
      0.05   0.900797   0.165177   0.279164
      0.06   0.893236   0.170379   0.286172
      0.07   0.879346   0.173604   0.289962
      0.08   0.859702   0.183381   0.302283
      0.09   0.844415   0.189615   0.309689
       0.1   0.808663   0.201682   0.322845
      0.11   0.773732   0.212961   0.333994
      0.12   0.750144   0.219782    0.33996
      0.13   0.693269   0.231669   0.347286
      0.14   0.650284   0.237993   0.348457
      0.15   0.593162   0.248427   0.350189
      0.16   0.549684   0.255542   0.348889
      0.17   0.507438   0.259684   0.343553
      0.18   0.464782   0.258873   0.332532
      0.19   0.426235   0.260465   0.323342
       0.2   0.389743   0.255836   0.308902
      0.21   0.342648   0.250342   0.289311
      0.22   0.298841   0.244689   0.269067
      0.23   0.273198   0.241089   0.256141
      0.24   0.241226   0.233561   0.237332
      0.25   0.220679   0.226527   0.223565
      0.26    0.17079   0.205645   0.186604
      0.27   0.134298    0.19968   0.160589
      0.28    0.10997    0.17984   0.136482
      0.29  0.0904907   0.159308    0.11542
       0.3  0.0725734   0.142035  0.0960629
      0.31  0.0620531   0.127285   0.083432
      0.32  0.0553136   0.122567  0.0762266
      0.33  0.0512041   0.108865   0.069649
      0.34  0.0474234   0.102625  0.0648701
      0.35  0.0326292   0.080298  0.0464027
      0.36  0.0285198  0.0746018  0.0412644
      0.37  0.0212049  0.0634648  0.0317886
      0.38  0.0126572  0.0559441  0.0206438
      0.39 0.00830114   0.054078  0.0143929
       0.4 0.00830114  0.0543672  0.0144031
      0.41 0.00830114  0.0547085   0.014415
      0.42 0.00797238  0.0544959  0.0139099
      0.43 0.00797238  0.0550459  0.0139276
      0.44 0.00797238  0.0553506  0.0139373
      0.45 0.00797238  0.0557621  0.0139503
      0.46 0.00780801  0.0550373  0.0136759
      0.47 0.00780801  0.0551918  0.0136806
      0.48 0.00780801  0.0557656  0.0136981
      0.49 0.00780801  0.0562977   0.013714
       0.5 0.00739706  0.0562016  0.0130734
      0.51 0.00739706  0.0566406  0.0130852
      0.52 0.00739706  0.0567515  0.0130882
      0.53 0.00690392  0.0562685  0.0122988
      0.54 0.00690392   0.054672  0.0122597
      0.55 0.00690392  0.0537525  0.0122362
      0.56 0.00690392  0.0550363  0.0122688
      0.57 0.00657516  0.0536278  0.0117141
      0.58 0.00657516  0.0546039   0.011737
      0.59 0.00657516  0.0557414  0.0117628
       0.6 0.00657516  0.0563698  0.0117767
      0.61 0.00599984   0.056713  0.0108516
      0.62 0.00599984  0.0581257  0.0108769
      0.63 0.00484918  0.0569697 0.00893761
      0.64 0.00484918  0.0593434 0.00896574
      0.65 0.00443823  0.0587467 0.00825297
      0.66 0.00427386  0.0583446 0.00796431
      0.67 0.00427386  0.0600559 0.00797983
      0.68 0.00410948  0.0548148 0.00764575
      0.69 0.00410948   0.049459 0.00758844
       0.7 0.00386291  0.0434783 0.00709541
      0.71 0.00246569  0.0323129 0.00458175
      0.72 0.00246569  0.0347985 0.00460507
      0.73 0.00164379  0.0362903 0.00314512
      0.74 0.00164379  0.0359408  0.0031438
      0.75 0.00131503   0.036036 0.00253747
      0.76 0.00131503  0.0377358  0.0025415
      0.77 0.00131503   0.042328 0.00255082
      0.78 0.00131503  0.0466472 0.00255795
      0.79 0.00131503  0.0546075 0.00256822
       0.8 0.00131503  0.0569395 0.00257069
      0.81 0.00131503  0.0622568 0.00257566
      0.82 0.00131503  0.0655738 0.00257836
      0.83 0.00131503  0.0677966 0.00258002
      0.84 0.00131503   0.069869 0.00258148
      0.85 0.00131503  0.0723982 0.00258314
      0.86 0.00131503  0.0829016   0.002589
      0.87 0.00131503  0.0869565 0.00259088
      0.88 0.00131503  0.0921986 0.00259308
      0.89 0.00131503      0.096 0.00259452
       0.9 0.00131503   0.112245 0.00259961
      0.91 0.00131503   0.164179 0.00260917
      0.92 0.00131503   0.185185 0.00261152
      0.93 0.00123284   0.219512 0.00245192
      0.94 0.00123284   0.257143 0.00245392
      0.95 0.000986274   0.444444 0.00196818
      0.96 0.000821895   0.466667  0.0016409
      0.97 0.000739706   0.666667 0.00147777
      0.98 0.000739706       0.75 0.00147795
      0.99 0.000657516   0.833333   0.001314
