         0          1   0.263807   0.417479
      0.01   0.954372   0.297173   0.453221
      0.02   0.954372   0.335262    0.49621
      0.03   0.954372   0.397356   0.561097
      0.04    0.95407   0.422468    0.58562
      0.05   0.953994   0.436493   0.598944
      0.06   0.953163   0.457536   0.618285
      0.07   0.951237   0.468757    0.62803
      0.08    0.94916   0.483346   0.640517
      0.09   0.945609   0.491215   0.646561
       0.1   0.938357   0.501635   0.653771
      0.11   0.926421    0.50658   0.654998
      0.12   0.922191   0.514519   0.660515
      0.13   0.908517   0.520145   0.661543
      0.14   0.883588   0.521589    0.65596
      0.15    0.83762   0.533299   0.651683
      0.16     0.8156    0.53957   0.649473
      0.17   0.776128    0.53868   0.635963
      0.18   0.738697   0.538061   0.622614
      0.19     0.6939   0.540564   0.607709
       0.2   0.660585   0.537497   0.592718
      0.21   0.601889   0.531547   0.564535
      0.22   0.534693   0.520587   0.527546
      0.23   0.495713   0.517517    0.50638
      0.24   0.445477   0.517078   0.478614
      0.25   0.414089   0.510343   0.457205
      0.26   0.385269   0.500811   0.435507
      0.27    0.35475   0.493114   0.412642
      0.28    0.30916   0.473945   0.374215
      0.29   0.271653    0.45316    0.33968
       0.3   0.218848   0.427894   0.289586
      0.31   0.203362    0.43241   0.276626
      0.32   0.200755   0.431455   0.274013
      0.33   0.189953   0.425829   0.262715
      0.34   0.180132   0.425257   0.253068
      0.35   0.167554   0.426422   0.240578
      0.36    0.15898   0.421129   0.230823
      0.37   0.149613   0.414116   0.219812
      0.38    0.14576   0.411853   0.215317
      0.39   0.141983   0.398469   0.209365
       0.4   0.141681   0.395887   0.208679
      0.41    0.13779   0.386352   0.203134
      0.42   0.132956   0.378537   0.196791
      0.43   0.130954   0.375673   0.194209
      0.44    0.12661   0.370694   0.188752
      0.45   0.123324   0.364947   0.184351
      0.46   0.116676   0.362631   0.176548
      0.47   0.111048   0.363581   0.170133
      0.48   0.105609   0.348162    0.16206
      0.49   0.100774   0.344876   0.155973
       0.5  0.0924646   0.332826   0.144723
      0.51  0.0858546    0.33032   0.136287
      0.52  0.0781492   0.306228   0.124521
      0.53  0.0658357   0.263208   0.105326
      0.54  0.0586969   0.256034     0.0955
      0.55  0.0348253   0.178487  0.0582795
      0.56  0.0272332   0.159119  0.0465068
      0.57  0.0151464   0.132391  0.0271828
      0.58  0.0117469   0.122503  0.0214381
      0.59  0.0117469   0.123783  0.0214576
       0.6  0.0117469    0.12447  0.0214678
      0.61  0.0114448   0.127031  0.0209977
      0.62  0.0113692   0.126888  0.0208686
      0.63  0.0113692    0.12844  0.0208894
      0.64  0.0113314   0.128165   0.020822
      0.65  0.0109915   0.125402  0.0202115
      0.66 0.00906516   0.120325  0.0168601
      0.67 0.00906516   0.119086  0.0168478
      0.68 0.00717658   0.109091  0.0134672
      0.69 0.00657224   0.107973  0.0123903
       0.7 0.00657224   0.106845  0.0123828
      0.71 0.00615675   0.105528  0.0116347
      0.72 0.00596789    0.10473  0.0112923
      0.73 0.00596789   0.100511  0.0112668
      0.74 0.00574127  0.0979381  0.0108467
      0.75 0.00555241  0.0920139  0.0104729
      0.76 0.00517469  0.0874126 0.00977096
      0.77 0.00513692  0.0812721 0.00966307
      0.78 0.00453258  0.0765125 0.00855817
      0.79 0.00453258  0.0719424 0.00852788
       0.8 0.00400378  0.0654545 0.00754598
      0.81 0.00377715  0.0574074 0.00708794
      0.82 0.00328612  0.0548204 0.00620056
      0.83 0.00305949       0.05 0.00576615
      0.84 0.00302172   0.047619 0.00568283
      0.85 0.00302172  0.0513393 0.00570751
      0.86 0.00287063  0.0588235 0.00547412
      0.87 0.00271955  0.0545455 0.00518079
      0.88 0.00245515  0.0643939 0.00472995
      0.89 0.00245515  0.0742574 0.00475314
       0.9 0.00245515   0.114504 0.00480722
      0.91 0.00234183   0.121212 0.00459489
      0.92 0.00234183   0.130435 0.00460106
      0.93 0.00234183   0.141176 0.00460724
      0.94 0.00196412   0.116883 0.00386331
      0.95 0.00169972   0.111111 0.00334821
      0.96 0.00151086   0.105263 0.00297896
      0.97  0.0010576   0.097561 0.00209252
      0.98  0.0010576   0.121212 0.00209691
      0.99 0.000226629   0.117647 0.000452386
