         0          1   0.181029   0.306561
      0.01   0.887225   0.168963   0.283867
      0.02   0.885394   0.173416   0.290027
      0.03   0.877424   0.179811   0.298459
      0.04   0.864606   0.192443   0.314814
      0.05   0.846187   0.199566   0.322964
      0.06   0.802133   0.203553   0.324707
      0.07   0.781021   0.207103   0.327392
      0.08   0.746661   0.215061   0.333937
      0.09   0.726303   0.220167   0.337904
       0.1   0.695067   0.230015   0.345647
      0.11   0.637225   0.237437   0.345964
      0.12   0.616868   0.244724   0.350426
      0.13   0.588324   0.253186   0.354019
      0.14   0.565058   0.260101   0.356228
      0.15   0.539207   0.273114   0.362579
      0.16   0.528544   0.278963   0.365184
      0.17   0.504524   0.281772   0.361596
      0.18   0.481689   0.282359   0.356023
      0.19   0.458531   0.287788   0.353628
       0.2   0.440651   0.290705   0.350306
      0.21   0.427941   0.306252   0.357012
      0.22   0.413507   0.315229   0.357741
      0.23   0.405644   0.325079    0.36092
      0.24   0.388195   0.334892   0.359579
      0.25   0.381086   0.348805   0.364232
      0.26   0.360513   0.362282   0.361395
      0.27   0.324968   0.354575   0.339126
      0.28   0.290177   0.336304   0.311542
      0.29   0.251508   0.331218   0.285911
       0.3   0.220164   0.312803   0.258432
      0.31   0.193451   0.300978   0.235522
      0.32   0.172447   0.289369   0.216107
      0.33   0.131517   0.261863   0.175095
      0.34   0.115144   0.249077   0.157486
      0.35  0.0918785   0.227139   0.130834
      0.36  0.0672124   0.211777    0.10204
      0.37   0.046424    0.20132  0.0754494
      0.38  0.0336062   0.185698  0.0569128
      0.39  0.0179879   0.179268  0.0326952
       0.4  0.0179879   0.177136  0.0326594
      0.41  0.0174494   0.168643  0.0316264
      0.42  0.0165877   0.163435  0.0301185
      0.43  0.0163723   0.161017  0.0297223
      0.44  0.0163723   0.160767  0.0297181
      0.45  0.0162645   0.161832  0.0295584
      0.46  0.0161568   0.162866  0.0293974
      0.47  0.0160491   0.165541  0.0292614
      0.48  0.0154028    0.16221  0.0281342
      0.49  0.0150797   0.159555  0.0275551
       0.5  0.0147566   0.159596  0.0270153
      0.51  0.0137872   0.161435  0.0254047
      0.52  0.0130332   0.157895  0.0240788
      0.53  0.0122792   0.156658  0.0227734
      0.54  0.0102327   0.148459  0.0191457
      0.55 0.00915554   0.144615  0.0172208
      0.56 0.00915554   0.151125  0.0172651
      0.57 0.00818613   0.149826  0.0155241
      0.58 0.00818613   0.157895  0.0155653
      0.59 0.00764757   0.165217  0.0146185
       0.6 0.00764757   0.175115  0.0146551
      0.61 0.00764757   0.183168  0.0146821
      0.62 0.00646273   0.179191  0.0124755
      0.63 0.00635502   0.179641  0.0122758
      0.64 0.00560103   0.167742  0.0108401
      0.65 0.00484705   0.160305 0.00940959
      0.66 0.00484705   0.172131  0.0094286
      0.67 0.00484705    0.17094  0.0094268
      0.68 0.00420078   0.184466 0.00821449
      0.69 0.00420078   0.197917 0.00822693
       0.7 0.00420078   0.227848 0.00824946
      0.71 0.00398535       0.25 0.00784563
      0.72 0.00398535   0.275862 0.00785719
      0.73 0.00398535   0.313725 0.00787072
      0.74 0.00398535   0.333333 0.00787653
      0.75 0.00312365   0.341463 0.00619068
      0.76 0.00312365   0.388889 0.00619753
      0.77 0.00301594   0.413793 0.00598824
      0.78 0.00301594   0.444444 0.00599123
      0.79 0.00301594        0.5 0.00599572
       0.8  0.0026928   0.478261 0.00535546
      0.81 0.00226196   0.454545 0.00450151
      0.82 0.00226196   0.454545 0.00450151
      0.83 0.00226196    0.47619 0.00450252
      0.84 0.00215424   0.421053 0.00428656
      0.85 0.00215424   0.421053 0.00428656
      0.86  0.0017234   0.411765 0.00343242
      0.87  0.0017234   0.411765 0.00343242
      0.88  0.0017234     0.4375 0.00343327
      0.89 0.00140026        0.4 0.00279075
       0.9 0.000861698   0.384615 0.00171954
      0.91 0.000753985   0.363636 0.00150485
      0.92 0.000753985        0.4 0.00150513
      0.93 0.000753985   0.571429 0.00150598
      0.94 0.000753985   0.571429 0.00150598
      0.95 0.000538561        0.5 0.00107596
      0.96 0.000538561        0.6 0.00107616
      0.97 0.000538561        0.6 0.00107616
      0.98 0.000215424   0.666667 0.00043071
      0.99 0.000215424   0.666667 0.00043071
