         0          1   0.235879   0.381719
      0.01   0.932029   0.301428   0.455532
      0.02   0.932029   0.318921   0.475228
      0.03   0.931534   0.350019   0.508843
      0.04   0.925811   0.391128   0.549928
      0.05   0.921713   0.407814   0.565445
      0.06   0.905674   0.432603   0.585525
      0.07   0.881297   0.438282   0.585424
      0.08   0.835441   0.448108   0.583332
      0.09   0.808027   0.464487   0.589885
       0.1   0.748605   0.477232   0.582881
      0.11   0.680774   0.482766   0.564922
      0.12   0.649827    0.49777   0.563725
      0.13   0.615982    0.56947   0.591814
      0.14   0.591111   0.585728   0.588408
      0.15   0.558398   0.592096   0.574753
      0.16   0.529923   0.595514   0.560807
      0.17   0.489296   0.595985   0.537396
      0.18   0.467745    0.59322   0.523063
      0.19   0.431852   0.583411   0.496319
       0.2   0.405002   0.577295   0.476039
      0.21   0.366212   0.565375   0.444504
      0.22    0.31322   0.541784   0.396951
      0.23   0.277821   0.527123   0.363866
      0.24   0.243199   0.515227   0.330429
      0.25   0.222426   0.507663   0.309325
      0.26   0.197343   0.490604   0.281468
      0.27   0.177065   0.478382   0.258464
      0.28    0.15071   0.464154   0.227539
      0.29   0.124779   0.454058   0.195761
       0.3   0.106267   0.439648   0.171163
      0.31   0.100897   0.429868   0.163434
      0.32  0.0978591   0.418151   0.158601
      0.33   0.096022   0.395926   0.154559
      0.34  0.0905108   0.379596   0.146169
      0.35  0.0734827   0.361493   0.122138
      0.36  0.0702325   0.345178   0.116717
      0.37  0.0627429   0.332627   0.105572
      0.38  0.0581502   0.321429  0.0984836
      0.39  0.0483996   0.301462  0.0834081
       0.4  0.0409807   0.286374  0.0717009
      0.41   0.031866   0.257557  0.0567151
      0.42  0.0168162   0.204456  0.0310765
      0.43  0.0107398   0.175989  0.0202441
      0.44  0.0103865   0.173239   0.019598
      0.45 0.00897336   0.172566  0.0170596
      0.46 0.00897336   0.181395  0.0171008
      0.47 0.00869074   0.183254  0.0165945
      0.48 0.00869074   0.188618  0.0166159
      0.49 0.00869074   0.190713  0.0166239
       0.5 0.00869074   0.192953  0.0166323
      0.51 0.00869074   0.196213  0.0166443
      0.52 0.00869074   0.196213  0.0166443
      0.53 0.00869074   0.194828  0.0166392
      0.54 0.00869074   0.194828  0.0166392
      0.55 0.00869074   0.194828  0.0166392
      0.56 0.00862008   0.192042  0.0164996
      0.57 0.00862008   0.192042  0.0164996
      0.58 0.00862008   0.192042  0.0164996
      0.59 0.00847877   0.187826  0.0162251
       0.6  0.0082668   0.186411  0.0158315
      0.61 0.00819614   0.184991  0.0156968
      0.62 0.00819614   0.208333  0.0157718
      0.63 0.00819614   0.228381  0.0158244
      0.64 0.00819614   0.273936  0.0159161
      0.65 0.00819614   0.441048  0.0160932
      0.66 0.00798417   0.484848  0.0157096
      0.67 0.00798417   0.516129  0.0157251
      0.68 0.00770155   0.521212  0.0151788
      0.69 0.00734827   0.503226   0.014485
       0.7 0.00650039    0.44186  0.0128123
      0.71 0.00494595   0.383838 0.00976606
      0.72 0.00487529   0.409091 0.00963575
      0.73 0.00325019   0.396825 0.00644758
      0.74 0.00325019   0.470588  0.0064558
      0.75 0.00317954   0.488889 0.00631799
      0.76 0.00317954    0.52381 0.00632071
      0.77 0.00317954   0.512195 0.00631984
      0.78 0.00317954        0.5 0.00631889
      0.79 0.00261429   0.514286 0.00520213
       0.8 0.00240232   0.551724 0.00478381
      0.81 0.00240232   0.615385 0.00478595
      0.82 0.00240232        0.6 0.00478547
      0.83 0.00240232   0.583333 0.00478493
      0.84 0.00240232   0.565217  0.0047843
      0.85 0.00240232   0.545455 0.00478357
      0.86 0.00240232    0.52381  0.0047827
      0.87 0.00240232        0.5 0.00478166
      0.88 0.00240232        0.5 0.00478166
      0.89 0.00240232   0.473684 0.00478039
       0.9 0.00240232   0.473684 0.00478039
      0.91 0.00204904   0.411765 0.00407778
      0.92 0.00183707      0.375 0.00365622
      0.93 0.00183707      0.375 0.00365622
      0.94  0.0016251   0.333333 0.00323443
      0.95  0.0011305   0.230769 0.00224998
      0.96 0.000918533   0.166667   0.001827
      0.97 0.000847877   0.111111 0.00168291
      0.98 0.000847877      0.125 0.00168433
      0.99          0          0          0
