         0          1   0.265439    0.41952
      0.01   0.899796   0.258585   0.401722
      0.02   0.899796   0.261304   0.404996
      0.03   0.894245   0.266483   0.410606
      0.04   0.883102   0.282744   0.428344
      0.05   0.876553   0.294517   0.440896
      0.06    0.86533   0.317985    0.46507
      0.07   0.848796   0.331792    0.47709
      0.08   0.810655   0.352008   0.490868
      0.09   0.790127   0.364497   0.498862
       0.1   0.767283   0.380683   0.508886
      0.11   0.743959   0.396544   0.517338
      0.12   0.723791   0.405278   0.519608
      0.13   0.689444     0.4121   0.515858
      0.14   0.660609   0.419568   0.513194
      0.15   0.597987   0.420927   0.494073
      0.16   0.568753   0.421053   0.483883
      0.17   0.531251   0.418695   0.468305
      0.18   0.496865   0.417357   0.453654
      0.19   0.446663   0.406802   0.425802
       0.2   0.410679   0.402332   0.406463
      0.21   0.371261   0.393691   0.382147
      0.22    0.32042   0.370654   0.343711
      0.23   0.289828   0.350611   0.317335
      0.24   0.228004   0.319563   0.266129
      0.25   0.203003   0.301364   0.242593
      0.26   0.155078   0.274592   0.198213
      0.27   0.125764    0.25499   0.168448
      0.28  0.0892608   0.244099    0.13072
      0.29  0.0767203   0.237935   0.116028
       0.3  0.0643796   0.235223   0.101091
      0.31   0.054515   0.226692  0.0878933
      0.32  0.0455689   0.218729  0.0754243
      0.33  0.0383003   0.213515  0.0649498
      0.34  0.0305923   0.213808  0.0535259
      0.35  0.0287951   0.212028  0.0507041
      0.36  0.0280762   0.210944  0.0495565
      0.37  0.0257998    0.21796  0.0461382
      0.38  0.0254403    0.22323  0.0456753
      0.39  0.0251607   0.229602  0.0453517
       0.4  0.0251208   0.232039  0.0453337
      0.41  0.0249211   0.241062  0.0451723
      0.42  0.0247614   0.245484  0.0449852
      0.43  0.0243221    0.24514  0.0442534
      0.44  0.0238827   0.249431  0.0435916
      0.45  0.0233236   0.250291  0.0426709
      0.46  0.0223252   0.251825  0.0410143
      0.47  0.0218459   0.248756  0.0401646
      0.48  0.0210072   0.242967  0.0386709
      0.49  0.0206079    0.23646  0.0379116
       0.5  0.0185311   0.232493  0.0343262
      0.51  0.0184912   0.238235  0.0343186
      0.52  0.0181317   0.236364  0.0336798
      0.53  0.0180119    0.23445  0.0334537
      0.54  0.0178522   0.239669  0.0332292
      0.55  0.0177723   0.248252  0.0331699
      0.56   0.017293   0.240072  0.0322621
      0.57  0.0170933   0.233766  0.0318572
      0.58  0.0167339   0.227273  0.0311726
      0.59  0.0165741   0.227006  0.0308927
       0.6  0.0163745   0.219758   0.030478
      0.61  0.0145773   0.208421  0.0272487
      0.62  0.0139383   0.201754  0.0260751
      0.63  0.0129798   0.197279   0.024357
      0.64  0.0115819   0.186603  0.0218102
      0.65  0.0108631   0.182716  0.0205069
      0.66 0.00890611   0.172973    0.01694
      0.67 0.00850673   0.173653  0.0162189
      0.68 0.00786773   0.176471  0.0150638
      0.69 0.00678941   0.163569  0.0130377
       0.7  0.0058309   0.153846   0.011236
      0.71 0.00523184   0.149123   0.010109
      0.72 0.00523184   0.155963  0.0101241
      0.73 0.00435321   0.156757 0.00847117
      0.74 0.00435321   0.169591 0.00848853
      0.75 0.00411358   0.181208 0.00804455
      0.76 0.00411358   0.206107 0.00806618
      0.77 0.00383402   0.234234 0.00754455
      0.78 0.00383402   0.238532 0.00754674
      0.79 0.00383402   0.245283 0.00755002
       0.8 0.00383402   0.252427 0.00755331
      0.81 0.00343464   0.277778 0.00678538
      0.82 0.00343464   0.280899 0.00678631
      0.83 0.00343464   0.284091 0.00678723
      0.84 0.00343464   0.287356 0.00678815
      0.85 0.00311514    0.27907  0.0061615
      0.86 0.00311514   0.282353 0.00616229
      0.87 0.00311514   0.285714 0.00616308
      0.88 0.00283558   0.280488 0.00561439
      0.89 0.00283558   0.283951 0.00561508
       0.9 0.00283558   0.291139 0.00561645
      0.91 0.00263589   0.294118 0.00522495
      0.92 0.00263589   0.276923 0.00522207
      0.93 0.00235632       0.25 0.00466864
      0.94 0.00163745    0.22807 0.00325155
      0.95 0.000838692   0.176471 0.00166945
      0.96 0.000838692   0.183673 0.00166976
      0.97 0.000479252   0.176471 0.000955909
      0.98 0.000319502   0.238095 0.000638147
      0.99 0.000159751        0.3 0.000319332
