         0          1    0.32957   0.495755
      0.01   0.935835   0.338021   0.496653
      0.02   0.935835   0.344198   0.503287
      0.03   0.935835   0.352278   0.511872
      0.04   0.934814   0.361795   0.521686
      0.05   0.934516   0.365621   0.525604
      0.06   0.932772   0.374481   0.534411
      0.07   0.930687   0.377934   0.537571
      0.08   0.924772   0.387151   0.545804
      0.09   0.919539   0.396012   0.553606
       0.1   0.908093   0.412193   0.567013
      0.11   0.895839   0.431814   0.582736
      0.12   0.889286   0.447232   0.595154
      0.13   0.881627   0.474623   0.617055
      0.14   0.872436    0.49669   0.633003
      0.15   0.856395    0.52669   0.652244
      0.16   0.850013   0.548187   0.666522
      0.17   0.833163   0.569528   0.676571
      0.18    0.81759   0.583039   0.680676
      0.19   0.788571   0.591158   0.675742
       0.2   0.766956   0.593187   0.668971
      0.21   0.723258   0.594165   0.652387
      0.22   0.703727   0.595791   0.645277
      0.23   0.684963   0.594732   0.636666
      0.24   0.653774   0.591718     0.6212
      0.25   0.627181   0.587748   0.606825
      0.26   0.600757   0.585982   0.593278
      0.27   0.580036   0.582136   0.581084
      0.28   0.561867   0.579009   0.570309
      0.29   0.547528   0.577139   0.561943
       0.3   0.529912   0.573205   0.550709
      0.31   0.508084   0.565814   0.535397
      0.32   0.486427   0.560371   0.520787
      0.33   0.442218   0.546866   0.489006
      0.34   0.421794    0.53869   0.473129
      0.35   0.380308   0.521246   0.439761
      0.36   0.344269   0.506553   0.409934
      0.37   0.314356   0.498078   0.385444
      0.38   0.295166   0.496885   0.370339
      0.39   0.263552   0.485703   0.341694
       0.4   0.242703   0.477377     0.3218
      0.41   0.220917   0.469227   0.300402
      0.42   0.211174   0.462795   0.290014
      0.43   0.206153   0.465105   0.285681
      0.44   0.193686   0.459113   0.272438
      0.45   0.184793   0.451957   0.262327
      0.46   0.167177     0.4377   0.241945
      0.47   0.159518   0.431394   0.232912
      0.48   0.146285    0.41575   0.216421
      0.49   0.140243   0.405162   0.208364
       0.5   0.125606   0.392654   0.190328
      0.51   0.110374   0.376097   0.170663
      0.52   0.105906   0.364466   0.164122
      0.53  0.0912263   0.340377   0.143888
      0.54  0.0851417   0.325178   0.134949
      0.55    0.07293    0.29331   0.116815
      0.56  0.0585908   0.271583  0.0963871
      0.57  0.0451451   0.253092  0.0766227
      0.58  0.0410178   0.242661  0.0701739
      0.59  0.0304229   0.219792  0.0534478
       0.6   0.024466   0.217063  0.0439754
      0.61  0.0219556   0.212054  0.0397913
      0.62  0.0205514   0.211494  0.0374626
      0.63  0.0164241   0.208831  0.0304532
      0.64  0.0159135   0.206939  0.0295544
      0.65  0.0159135   0.209068  0.0295759
      0.66   0.015871   0.211213  0.0295235
      0.67   0.015871   0.215139  0.0295612
      0.68  0.0157859   0.219479  0.0294534
      0.69   0.015488   0.216783  0.0289106
       0.7  0.0154029   0.212389  0.0287228
      0.71  0.0150625   0.209091  0.0281008
      0.72  0.0145094   0.196457   0.027023
      0.73  0.0136159   0.185497  0.0253696
      0.74  0.0133606   0.185567  0.0249265
      0.75  0.0131053   0.182796  0.0244571
      0.76    0.01285   0.182657  0.0240108
      0.77  0.0111905   0.177606  0.0210545
      0.78  0.0109352      0.176  0.0205911
      0.79  0.0100417   0.178571  0.0190142
       0.8  0.0097864   0.183771  0.0185832
      0.81 0.00931836   0.184615  0.0177412
      0.82 0.00761637   0.179272   0.014612
      0.83 0.00702068   0.181269  0.0135178
      0.84 0.00702068    0.20922  0.0135855
      0.85 0.00557399   0.199219  0.0108446
      0.86  0.0051485   0.198113  0.0100362
      0.87 0.00451025   0.195876 0.00881748
      0.88 0.00412731   0.226277 0.00810675
      0.89 0.00412731   0.229508 0.00810879
       0.9 0.00357416   0.228571 0.00703827
      0.91 0.00289337   0.193182 0.00570135
      0.92 0.00285082   0.195122 0.00561954
      0.93 0.00217003   0.166667 0.00428427
      0.94 0.00106374   0.186441 0.00211541
      0.95 0.00106374   0.208333 0.00211667
      0.96 0.000510595   0.222222 0.00101885
      0.97 0.000510595   0.241379 0.00101903
      0.98 0.000340397   0.217391 0.000679729
      0.99 0.000297847   0.266667 0.000595029
