         0          1   0.256164   0.407851
      0.01   0.919327   0.279857   0.429092
      0.02   0.919327   0.289274   0.440075
      0.03   0.916309   0.302013   0.454293
      0.04   0.909983   0.339073   0.494054
      0.05   0.909286    0.36942   0.525388
      0.06   0.901393   0.413314   0.566755
      0.07   0.894486   0.436275   0.586494
      0.08   0.887174   0.465195    0.61035
      0.09   0.871155   0.473959   0.613913
       0.1   0.831921   0.486111   0.613651
      0.11   0.804295   0.499169   0.616019
      0.12   0.777713   0.503425   0.611207
      0.13    0.73877   0.506767   0.601161
      0.14   0.712885   0.514255   0.597494
      0.15   0.673767   0.521832   0.588146
      0.16   0.649158   0.525786   0.580995
      0.17   0.602147   0.512583   0.553767
      0.18   0.559199   0.505078   0.530763
      0.19   0.484794   0.480705   0.482741
       0.2   0.448868   0.473811   0.461003
      0.21   0.397156   0.459696   0.426144
      0.22   0.349333   0.445814    0.39172
      0.23   0.330934   0.440507   0.377939
      0.24   0.303366   0.425248   0.354113
      0.25   0.289379   0.420106   0.342699
      0.26   0.275218   0.416914   0.331561
      0.27   0.269414   0.415777   0.326963
      0.28   0.257574    0.40873   0.316007
      0.29   0.245444   0.396943   0.303329
       0.3   0.227858   0.382721   0.285651
      0.31   0.212768    0.36372   0.268481
      0.32    0.18845   0.341018   0.242753
      0.33   0.146779   0.291819   0.195317
      0.34   0.106558   0.259847   0.151138
      0.35  0.0814858   0.225862   0.119764
      0.36  0.0762623   0.213575   0.112392
      0.37  0.0659315   0.197124  0.0988132
      0.38  0.0582705   0.186089  0.0887503
      0.39  0.0376669   0.155869  0.0606719
       0.4   0.027336   0.146631  0.0460813
      0.41  0.0271619   0.148274  0.0459131
      0.42  0.0268717   0.148329  0.0455005
      0.43  0.0268137   0.151213  0.0455502
      0.44  0.0265235   0.154762  0.0452858
      0.45  0.0261753   0.163882  0.0451407
      0.46  0.0260012   0.176523   0.045326
      0.47  0.0260012   0.181651  0.0454909
      0.48  0.0260012   0.188042  0.0456853
      0.49  0.0260012   0.185587   0.045612
       0.5  0.0254208   0.185641  0.0447181
      0.51  0.0254208   0.187043  0.0447585
      0.52  0.0253627   0.187433  0.0446796
      0.53  0.0247824   0.184413   0.043693
      0.54  0.0235055   0.183857  0.0416821
      0.55  0.0231573   0.183295  0.0411196
      0.56  0.0231573   0.186905  0.0412088
      0.57  0.0222287    0.19083  0.0398191
      0.58  0.0218804   0.194373  0.0393332
      0.59  0.0215322    0.20467  0.0389651
       0.6  0.0215322   0.212121  0.0390958
      0.61  0.0213581   0.217195  0.0388917
      0.62  0.0210099   0.221003  0.0383719
      0.63  0.0209518   0.217252  0.0382179
      0.64  0.0208358   0.215232  0.0379935
      0.65  0.0206036   0.209184  0.0375124
      0.66  0.0206036   0.203125  0.0374123
      0.67  0.0201393   0.193262  0.0364774
      0.68  0.0180499   0.183486  0.0328667
      0.69  0.0180499   0.185741  0.0329024
       0.7  0.0178178   0.185115  0.0325067
      0.71  0.0176436   0.178846  0.0321187
      0.72  0.0174695   0.172481  0.0317257
      0.73  0.0174695   0.167641  0.0316417
      0.74  0.0174695   0.164706  0.0315886
      0.75  0.0172954   0.158416   0.031186
      0.76  0.0172954   0.156746  0.0311534
      0.77  0.0168311       0.15  0.0302661
      0.78  0.0167731   0.143145  0.0300276
      0.79  0.0164248   0.134694  0.0292793
       0.8  0.0154962   0.127835  0.0276417
      0.81  0.0154382   0.121086  0.0273849
      0.82  0.0147998   0.111814  0.0261397
      0.83  0.0141033    0.10828  0.0249561
      0.84  0.0138131   0.102784  0.0243534
      0.85  0.0131747  0.0969828   0.023198
      0.86  0.0117237  0.0873362  0.0206725
      0.87  0.0108532  0.0816777  0.0191603
      0.88  0.0096924  0.0738255  0.0171352
      0.89 0.00737086  0.0619266  0.0131737
       0.9 0.00655833  0.0560976  0.0117437
      0.91 0.00586187  0.0493827  0.0104798
      0.92 0.00499129   0.044665 0.00897917
      0.93 0.00266976  0.0302267 0.00490619
      0.94 0.00214742  0.0230179 0.00392835
      0.95 0.00156703   0.015544 0.00284705
      0.96 5.80383e-05 0.00266667 0.000113604
      0.97          0          0          0
      0.98          0          0          0
      0.99          0          0          0
