         0          1   0.382258   0.553092
      0.01   0.955403   0.463675   0.624344
      0.02   0.955403   0.480212   0.639163
      0.03   0.955331   0.505538    0.66119
      0.04   0.950464   0.526197   0.677381
      0.05   0.940585   0.530619   0.678481
      0.06   0.911307   0.532972   0.672586
      0.07    0.89699   0.532707   0.668439
      0.08   0.860875   0.533655   0.658875
      0.09   0.839257    0.53609    0.65426
       0.1   0.797523    0.53916   0.643373
      0.11   0.746161   0.546989   0.631237
      0.12   0.715452   0.551899   0.623122
      0.13   0.676295   0.563194   0.614584
      0.14   0.660797   0.568399   0.611125
      0.15   0.637138   0.578508   0.606409
      0.16   0.619528   0.584319   0.601408
      0.17   0.585991   0.595007   0.590464
      0.18   0.570743   0.604906   0.587328
      0.19    0.55299   0.623502   0.586133
       0.2   0.531479   0.639811   0.580635
      0.21   0.489924   0.650137   0.558774
      0.22   0.466767   0.671096   0.550586
      0.23   0.436236   0.679186   0.531253
      0.24   0.400193   0.684685   0.505137
      0.25   0.378968   0.698057   0.491245
      0.26   0.344393   0.699558    0.46156
      0.27   0.322095   0.706518   0.442471
      0.28   0.274169   0.712108   0.395909
      0.29    0.24217   0.718489   0.362245
       0.3   0.208132   0.712051   0.322111
      0.31   0.174988   0.703282   0.280247
      0.32   0.147894    0.67991   0.242943
      0.33   0.121658    0.66052   0.205471
      0.34   0.111529   0.676069   0.191471
      0.35  0.0923798   0.649141   0.161742
      0.36  0.0796378   0.640642   0.141665
      0.37  0.0636386   0.627078   0.115551
      0.38  0.0588783   0.621951   0.107573
      0.39   0.041698   0.566524  0.0776786
       0.4  0.0233366   0.528037  0.0446977
      0.41  0.0215469   0.525822  0.0413975
      0.42  0.0215469   0.523585  0.0413905
      0.43  0.0212964   0.523126  0.0409267
      0.44  0.0212964   0.523349  0.0409274
      0.45  0.0211532   0.522654  0.0406608
      0.46  0.0211532   0.521951  0.0406587
      0.47  0.0211532   0.520458  0.0406541
      0.48  0.0211532   0.519008  0.0406497
      0.49  0.0209027   0.516611  0.0401796
       0.5  0.0206879   0.512648  0.0397709
      0.51  0.0204732   0.515571  0.0393825
      0.52  0.0201153   0.517483  0.0387252
      0.53  0.0200437   0.517794  0.0385934
      0.54  0.0200079   0.519713  0.0385323
      0.55   0.019292   0.518315  0.0371995
      0.56  0.0192204   0.518519  0.0370669
      0.57  0.0185404   0.516008  0.0357947
      0.58  0.0180393   0.514395  0.0348562
      0.59  0.0177888   0.516899  0.0343939
       0.6  0.0172519   0.515091  0.0333856
      0.61  0.0170371   0.518293  0.0329898
      0.62  0.0168939   0.518595  0.0327219
      0.63  0.0168939   0.520833  0.0327264
      0.64  0.0168224   0.521097  0.0325926
      0.65  0.0166434   0.519231   0.032253
      0.66  0.0166434   0.522678  0.0322596
      0.67  0.0166434   0.524946  0.0322639
      0.68  0.0162855   0.525386  0.0315917
      0.69  0.0162855   0.528889   0.031598
       0.7  0.0159276   0.538106  0.0309393
      0.71  0.0157844   0.533816  0.0306621
      0.72  0.0141379   0.526055  0.0275358
      0.73  0.0134221   0.518041  0.0261662
      0.74  0.0127063   0.510582  0.0247955
      0.75   0.012062   0.509589  0.0235662
      0.76  0.0116683   0.512894  0.0228175
      0.77  0.0104513   0.498462  0.0204734
      0.78 0.00919861   0.466216  0.0180413
      0.79 0.00751637   0.436293  0.0147782
       0.8 0.00651419   0.410256  0.0128247
      0.81 0.00547622   0.393519  0.0108021
      0.82 0.00526146   0.389744  0.0103828
      0.83 0.00454562    0.37037 0.00898101
      0.84 0.00425928   0.329545 0.00840986
      0.85 0.00357923   0.303571 0.00707503
      0.86 0.00218333   0.253333 0.00432934
      0.87 0.00200437   0.241379 0.00397572
      0.88 0.00164644   0.214815 0.00326784
      0.89 0.00157486   0.207692 0.00312602
       0.9 0.00153907   0.193548 0.00305385
      0.91 0.00136011   0.176471 0.00269941
      0.92 0.00110956   0.166667 0.00220444
      0.93 0.000859014   0.156863 0.00170867
      0.94 0.000572676   0.142857 0.00114078
      0.95 0.000536884       0.16 0.00107018
      0.96 0.000357923   0.140625 0.000714028
      0.97 0.00032213   0.117647 0.000642501
      0.98 0.000250546   0.025641 0.000496243
      0.99          0          0          0
