         0          1   0.173626   0.295879
      0.01   0.917831   0.207721   0.338772
      0.02    0.91492   0.229352   0.366763
      0.03    0.91007   0.259075   0.403332
      0.04   0.894354   0.319117   0.470392
      0.05   0.875922   0.350768   0.500934
      0.06   0.828774   0.396862   0.536715
      0.07   0.798991    0.40744   0.539676
      0.08   0.766007   0.396511   0.522539
      0.09   0.748351   0.384832   0.508284
       0.1   0.724583   0.358936   0.480063
      0.11   0.701494   0.346019   0.463441
      0.12   0.689659   0.340927    0.45629
      0.13   0.675301    0.33532   0.448124
      0.14   0.670256   0.332533   0.444525
      0.15   0.665114   0.330775   0.441823
      0.16   0.662301   0.329955    0.44047
      0.17   0.651727   0.327473   0.435913
      0.18   0.647458   0.326015   0.433666
      0.19   0.638921   0.323109   0.429178
       0.2   0.634847   0.320475   0.425935
      0.21   0.626504   0.316038   0.420138
      0.22    0.62078   0.307894   0.411628
      0.23   0.608362   0.303831   0.405263
      0.24   0.585759   0.298481   0.395453
      0.25   0.575863   0.292308   0.387779
      0.26   0.549961   0.279704   0.370816
      0.27   0.534536   0.274674    0.36288
      0.28    0.51688   0.265219   0.350561
      0.29   0.503201   0.260333    0.34314
       0.3   0.476135   0.252161   0.329709
      0.31   0.451009   0.243072   0.315893
      0.32   0.434032   0.235265   0.305134
      0.33   0.418898   0.227295   0.294691
      0.34   0.407354   0.221111   0.286636
      0.35   0.366317   0.198249   0.257267
      0.36   0.328483   0.175754   0.228989
      0.37   0.254269   0.140728    0.18118
      0.38   0.207218   0.118846   0.151056
      0.39   0.132033  0.0851939   0.103564
       0.4  0.0853706  0.0637402  0.0729865
      0.41  0.0517074  0.0511883  0.0514465
      0.42  0.0222158  0.0347179  0.0270942
      0.43  0.0127086  0.0311333  0.0180494
      0.44 0.00271634  0.0269086 0.00493455
      0.45 0.00271634  0.0269086 0.00493455
      0.46 0.00271634  0.0269255 0.00493483
      0.47 0.00271634  0.0269424 0.00493511
      0.48 0.00271634  0.0269424 0.00493511
      0.49 0.00271634  0.0269592  0.0049354
       0.5 0.00271634  0.0270101 0.00493625
      0.51 0.00271634  0.0270101 0.00493625
      0.52 0.00271634   0.027044 0.00493681
      0.53 0.00271634  0.0270781 0.00493738
      0.54 0.00271634   0.027198 0.00493937
      0.55 0.00271634  0.0273016 0.00494107
      0.56 0.00271634  0.0273189 0.00494135
      0.57 0.00271634  0.0275641 0.00494533
      0.58 0.00271634   0.027635 0.00494647
      0.59 0.00271634  0.0277419 0.00494818
       0.6 0.00271634  0.0279221 0.00495102
      0.61 0.00271634  0.0282709 0.00495645
      0.62 0.00271634  0.0260695 0.00492003
      0.63 0.00203725  0.0186593 0.00367343
      0.64 0.00135817  0.0164051 0.00250865
      0.65 0.00135817  0.0166788  0.0025118
      0.66 0.00135817  0.0169242 0.00251454
      0.67 0.00135817  0.0173062 0.00251867
      0.68 0.00135817  0.0176245 0.00252199
      0.69 0.00135817  0.0179828 0.00252559
       0.7 0.00135817  0.0168946 0.00251422
      0.71 0.00135817  0.0157415 0.00250059
      0.72 0.00135817  0.0144928 0.00248359
      0.73 0.00097012  0.0144535  0.0018182
      0.74 0.00097012  0.0147194 0.00182027
      0.75 0.00048506 0.00805639 0.000915028
      0.76 0.00048506 0.00818833 0.000915866
      0.77 0.00048506 0.00842993 0.000917337
      0.78 0.00048506 0.00859291 0.000918284
      0.79 0.00048506 0.00884956 0.000919709
       0.8 0.00048506 0.00796359 0.000914423
      0.81 0.00048506 0.00471698 0.000879662
      0.82          0          0          0
      0.83          0          0          0
      0.84          0          0          0
      0.85          0          0          0
      0.86          0          0          0
      0.87          0          0          0
      0.88          0          0          0
      0.89          0          0          0
       0.9          0          0          0
      0.91          0          0          0
      0.92          0          0          0
      0.93          0          0          0
      0.94          0          0          0
      0.95          0          0          0
      0.96          0          0          0
      0.97          0          0          0
      0.98          0          0          0
      0.99          0          0          0
