         0          1   0.331079    0.49746
      0.01   0.926717   0.319583   0.475267
      0.02   0.926717   0.319641   0.475332
      0.03   0.926676   0.319756   0.475453
      0.04    0.92651    0.32025   0.475977
      0.05   0.926136   0.320477   0.476178
      0.06   0.923399   0.321172   0.476581
      0.07   0.921243   0.321952   0.477151
      0.08   0.914856   0.323869   0.478384
      0.09   0.911289    0.32629   0.480526
       0.1   0.906603   0.330712   0.484637
      0.11   0.899386   0.336009    0.48924
      0.12   0.889474   0.340395   0.492365
      0.13    0.87923   0.346043   0.496627
      0.14   0.867369   0.349116   0.497848
      0.15    0.85418    0.36021   0.506731
      0.16   0.843024   0.366477    0.51087
      0.17   0.810178   0.376267   0.513876
      0.18   0.790146   0.380943   0.514052
      0.19   0.751908    0.39071   0.514219
       0.2   0.732498        0.4   0.517439
      0.21    0.69708   0.413894   0.519395
      0.22   0.657266   0.424281   0.515679
      0.23   0.627488   0.433553   0.512797
      0.24   0.589955   0.449948   0.510527
      0.25   0.560219   0.457678   0.503784
      0.26   0.495853   0.460149   0.477334
      0.27   0.465163   0.460656   0.462898
      0.28   0.424809   0.464516   0.443776
      0.29   0.394036   0.462455   0.425513
       0.3   0.351319   0.452674   0.395608
      0.31   0.305989   0.435871    0.35956
      0.32   0.276792   0.423261   0.334704
      0.33   0.238139   0.403113   0.299405
      0.34   0.208983   0.384985   0.270908
      0.35     0.1661   0.352518   0.225805
      0.36   0.142709   0.330107   0.199271
      0.37   0.111894   0.294151   0.162119
      0.38  0.0908676    0.27445   0.136531
      0.39  0.0662326   0.250672    0.10478
       0.4  0.0488139    0.23331  0.0807359
      0.41  0.0360816   0.225782    0.06222
      0.42  0.0313122   0.215337  0.0546742
      0.43  0.0279114   0.209976  0.0492731
      0.44  0.0205707   0.199828  0.0373015
      0.45  0.0192021   0.195382  0.0349675
      0.46  0.0192021   0.203756  0.0350966
      0.47  0.0191191   0.208577  0.0350274
      0.48  0.0187459   0.213552  0.0344662
      0.49  0.0187459   0.219178  0.0345378
       0.5   0.018497   0.221239  0.0341397
      0.51   0.018497   0.223916  0.0341712
      0.52  0.0179579   0.221001  0.0332166
      0.53  0.0175431   0.215938    0.03245
      0.54   0.017004   0.213137  0.0314953
      0.55  0.0158013   0.208807  0.0293793
      0.56  0.0155524   0.212922  0.0289875
      0.57  0.0145156   0.216981  0.0272108
      0.58  0.0141009   0.222586  0.0265216
      0.59  0.0136861   0.226148  0.0258103
       0.6  0.0135202   0.233766  0.0255621
      0.61  0.0128567   0.225941   0.024329
      0.62  0.0125249   0.230769  0.0237602
      0.63  0.0120687   0.227488  0.0229213
      0.64  0.0101609   0.219072  0.0194211
      0.65 0.00999502   0.218919  0.0191172
      0.66 0.00866788   0.205882  0.0166354
      0.67 0.00854346    0.21118  0.0164225
      0.68 0.00829463   0.209459  0.0159573
      0.69 0.00804579   0.208633  0.0154941
       0.7 0.00754811   0.210526  0.0145737
      0.71 0.00676012    0.21267  0.0131037
      0.72 0.00676012   0.220096  0.0131173
      0.73 0.00564035   0.207071  0.0109816
      0.74 0.00526709   0.195767  0.0102582
      0.75 0.00518414   0.194444   0.010099
      0.76 0.00501825   0.189655 0.00977778
      0.77 0.00464499   0.173653 0.00904796
      0.78 0.00460352   0.169697 0.00896386
      0.79 0.00423026   0.146497 0.00822307
       0.8  0.0034008   0.138158 0.00663819
      0.81 0.00327638   0.130137 0.00639183
      0.82 0.00269575    0.10219 0.00525293
      0.83 0.00236397  0.0923077 0.00460988
      0.84 0.00219808  0.0793651 0.00427768
      0.85 0.00207366  0.0725806 0.00403211
      0.86 0.00207366      0.075 0.00403573
      0.87 0.00141009  0.0603448 0.00275578
      0.88 0.000995355  0.0471698 0.00194957
      0.89 0.000995355  0.0480769 0.00195033
       0.9 0.000829463  0.0408163 0.00162588
      0.91 0.000414731  0.0224719 0.000814432
      0.92 0.000414731  0.0246914 0.00081576
      0.93 8.29463e-05  0.0147059 0.000164962
      0.94 8.29463e-05   0.015873 0.00016503
      0.95          0          0          0
      0.96          0          0          0
      0.97          0          0          0
      0.98          0          0          0
      0.99          0          0          0
