         0          1   0.339259   0.506637
      0.01    0.95145   0.362183    0.52465
      0.02   0.949671   0.364997   0.527323
      0.03    0.94913   0.375518   0.538128
      0.04   0.945806   0.423752    0.58528
      0.05   0.941283   0.465735   0.623145
      0.06   0.926247   0.538781   0.681276
      0.07   0.913916   0.579732    0.70944
      0.08   0.899459   0.625927   0.738168
      0.09   0.885852   0.640271   0.743303
       0.1   0.861616   0.645172   0.737848
      0.11    0.83564   0.641095   0.725553
      0.12   0.821144   0.636904   0.717384
      0.13   0.800309   0.633647   0.707293
      0.14   0.789061   0.631657   0.701639
      0.15   0.772439   0.629194   0.693497
      0.16   0.762118   0.628002    0.68859
      0.17   0.741825   0.624775   0.678287
      0.18   0.732354   0.622545      0.673
      0.19   0.710939   0.616421   0.660315
       0.2   0.694395   0.614978   0.652278
      0.21    0.66351   0.612598   0.637038
      0.22   0.647313   0.610671   0.628458
      0.23   0.629262   0.607453   0.618165
      0.24   0.602242   0.602125   0.602184
      0.25   0.582876   0.596118   0.589423
      0.26   0.560108   0.586207    0.57286
      0.27   0.539467   0.575493   0.556898
      0.28   0.499923   0.556311   0.526612
      0.29   0.468303   0.542228   0.502561
       0.3   0.425358   0.518037   0.467145
      0.31   0.368883   0.484806   0.418974
      0.32    0.32787   0.455288   0.381214
      0.33   0.260843   0.400082   0.315795
      0.34   0.235756   0.380508   0.291132
      0.35   0.174411   0.334095    0.22918
      0.36   0.155779   0.320075   0.209564
      0.37   0.116235   0.288102   0.165642
      0.38   0.101546   0.274648   0.148272
      0.39  0.0925396   0.258381   0.136273
       0.4  0.0818709   0.247634   0.123057
      0.41  0.0655586   0.226087   0.101644
      0.42  0.0570932   0.212138   0.089972
      0.43  0.0500193   0.203054  0.0802663
      0.44  0.0454194    0.19353  0.0735722
      0.45  0.0431774   0.188009  0.0702268
      0.46  0.0402783    0.18107  0.0658979
      0.47  0.0347507   0.169451  0.0576737
      0.48  0.0305373   0.163855  0.0514803
      0.49  0.0297642   0.161836  0.0502809
       0.5  0.0281794   0.156934  0.0477794
      0.51  0.0247777   0.151627  0.0425949
      0.52  0.0228836   0.148582  0.0396592
      0.53  0.0221492   0.144981  0.0384277
      0.54  0.0216853   0.141791  0.0376175
      0.55  0.0193274   0.133794  0.0337757
      0.56    0.01724   0.131612  0.0304866
      0.57  0.0165829   0.127767  0.0293557
      0.58  0.0165056   0.126662  0.0292054
      0.59  0.0160804      0.125  0.0284951
       0.6  0.0160031   0.123888  0.0283448
      0.61   0.015346   0.122215   0.027268
      0.62  0.0149981   0.119413   0.026649
      0.63  0.0147275   0.118286  0.0261937
      0.64  0.0147275   0.118286  0.0261937
      0.65  0.0146888   0.117233  0.0261066
      0.66  0.0137225   0.115039    0.02452
      0.67  0.0137225   0.114543  0.0245087
      0.68  0.0136065   0.113973  0.0243107
      0.69  0.0134905   0.113475  0.0241142
       0.7  0.0133359   0.112476  0.0238446
      0.71  0.0129494   0.111399  0.0232017
      0.72  0.0128721   0.110967  0.0230682
      0.73  0.0126401   0.110026  0.0226752
      0.74  0.0123695   0.109446   0.022227
      0.75  0.0123309   0.105435  0.0220795
      0.76  0.0119057   0.104153  0.0213687
      0.77  0.0119057   0.103059  0.0213455
      0.78  0.0119057   0.103495  0.0213548
      0.79  0.0113259   0.101915  0.0203862
       0.8  0.0113259        0.1  0.0203472
      0.81  0.0106301   0.097561  0.0191713
      0.82 0.00981832  0.0947832  0.0177935
      0.83 0.00954774  0.0923788  0.0173068
      0.84  0.0088133  0.0880399  0.0160226
      0.85 0.00753769  0.0866142  0.0138685
      0.86 0.00734441  0.0899209  0.0135797
      0.87 0.00660997  0.0905172  0.0123203
      0.88  0.0064167  0.0843521  0.0119262
      0.89  0.0059915   0.083442  0.0111802
       0.9 0.00575957  0.0901034  0.0108271
      0.91 0.00510244  0.0894819 0.00965436
      0.92 0.00459992  0.0880914 0.00874329
      0.93 0.00405876  0.0729537  0.0076897
      0.94 0.00328566       0.06 0.00623015
      0.95 0.00143023  0.0310881 0.00273465
      0.96 0.00096637  0.0285714 0.00186951
      0.97 0.000386548  0.0236686 0.000760673
      0.98          0          0          0
      0.99          0          0          0
