         0          1   0.393948   0.565226
      0.01   0.913554   0.390513   0.547141
      0.02   0.913554   0.390513   0.547141
      0.03   0.913554   0.390513   0.547141
      0.04   0.913554   0.390644    0.54727
      0.05   0.913342   0.390757   0.547343
      0.06   0.913094   0.391928   0.548446
      0.07    0.91221   0.393391   0.549717
      0.08   0.911184   0.397154   0.553191
      0.09   0.909097   0.400996   0.556517
       0.1   0.906975   0.407421   0.562267
      0.11   0.899229   0.412918   0.565954
      0.12   0.883383   0.416148    0.56577
      0.13   0.864353    0.42343   0.568408
      0.14    0.84681   0.427677   0.568325
      0.15   0.810908   0.433311   0.564813
      0.16   0.785548   0.439851   0.563937
      0.17    0.74236   0.447123   0.558102
      0.18   0.716433   0.453349   0.555307
      0.19   0.673246   0.460415   0.546852
       0.2   0.644383   0.464746   0.540017
      0.21    0.59872   0.466513   0.524412
      0.22   0.539368   0.463329   0.498465
      0.23   0.511814   0.465696   0.487667
      0.24   0.459925   0.468849   0.464344
      0.25   0.424696   0.469772   0.446098
      0.26   0.368244   0.472269   0.413819
      0.27   0.342883   0.468703    0.39604
      0.28   0.308574   0.461409   0.369823
      0.29   0.279959   0.451807   0.345705
       0.3   0.246074   0.435353   0.314426
      0.31   0.210314   0.410138   0.278048
      0.32   0.190117   0.396087   0.256917
      0.33   0.169532   0.380604   0.234576
      0.34   0.160406   0.369586   0.223716
      0.35   0.147496   0.355599   0.208507
      0.36   0.131827   0.343686    0.19056
      0.37   0.104414   0.321772   0.157666
      0.38   0.095324   0.312877   0.146127
      0.39  0.0839346   0.304274   0.131574
       0.4  0.0741016   0.294737   0.118428
      0.41  0.0660017   0.288796   0.107447
      0.42  0.0566992   0.279357  0.0942659
      0.43  0.0471845   0.275362   0.080564
      0.44  0.0436121   0.271969  0.0751701
      0.45  0.0361488   0.270358   0.063771
      0.46  0.0348755   0.270199  0.0617772
      0.47  0.0333192   0.269799  0.0593134
      0.48  0.0301712   0.268626  0.0542493
      0.49  0.0275538    0.26334  0.0498877
       0.5  0.0219652   0.260468  0.0405139
      0.51  0.0192063   0.261939  0.0357884
      0.52  0.0190648   0.262774  0.0355503
      0.53  0.0188526   0.264444   0.035196
      0.54  0.0187111   0.266117  0.0349638
      0.55  0.0182866   0.268554  0.0342417
      0.56  0.0180037   0.267388  0.0337359
      0.57  0.0175085   0.267194  0.0328635
      0.58  0.0169779    0.26565  0.0319161
      0.59  0.0169072   0.267769  0.0318061
       0.6  0.0166596   0.270499  0.0313862
      0.61  0.0165889   0.275261  0.0312919
      0.62  0.0158814   0.278388  0.0300487
      0.63  0.0155277   0.276316  0.0294031
      0.64  0.0147496   0.275862   0.028002
      0.65  0.0145727    0.27852  0.0276963
      0.66  0.0142898   0.283405  0.0272077
      0.67   0.014219   0.287305   0.027097
      0.68  0.0139007   0.288732  0.0265244
      0.69  0.0134055   0.287621   0.025617
       0.7  0.0128396   0.277705  0.0245443
      0.71  0.0113186   0.269071  0.0217234
      0.72  0.0107881   0.268116  0.0207415
      0.73 0.00997453   0.275917  0.0192531
      0.74 0.00972694   0.295139  0.0188332
      0.75  0.0094086     0.3074  0.0182584
      0.76 0.00933786      0.306  0.0181227
      0.77 0.00870119   0.302128  0.0169152
      0.78 0.00817063   0.290249  0.0158938
      0.79 0.00703877   0.283951   0.013737
       0.8 0.00682654   0.285347  0.0133341
      0.81 0.00650821   0.295455  0.0127359
      0.82 0.00626061   0.298193  0.0122637
      0.83 0.00604839   0.288889  0.0118487
      0.84 0.00587153   0.287197  0.0115078
      0.85  0.0053056   0.280899  0.0104145
      0.86 0.00498727     0.2827 0.00980162
      0.87 0.00442134    0.27619 0.00870335
      0.88 0.00389078   0.284153 0.00767644
      0.89 0.00371392   0.289017 0.00733361
       0.9 0.00343096   0.267516 0.00677502
      0.91 0.00311262   0.244755 0.00614707
      0.92  0.0026528   0.210938 0.00523971
      0.93 0.00226372   0.185185 0.00447277
      0.94 0.000884267   0.119048 0.00175549
      0.95 0.000636672   0.114754 0.00126632
      0.96 0.000424448    0.12766 0.000846083
      0.97 0.000176853   0.111111 0.000353145
      0.98 7.07414e-05  0.0833333 0.000141363
      0.99          0          0          0
