         0          1   0.310743   0.474148
      0.01   0.940681   0.335461   0.494556
      0.02   0.940521   0.362971   0.523796
      0.03     0.9404   0.366489    0.52743
      0.04   0.939157   0.371828   0.532737
      0.05   0.935267   0.377675    0.53807
      0.06   0.926443   0.388146   0.547083
      0.07   0.917419   0.397733   0.554898
      0.08   0.902017   0.416557   0.569921
      0.09   0.892071   0.431022   0.581217
       0.1   0.875627   0.454353    0.59827
      0.11   0.859383   0.482411   0.617942
      0.12   0.844102   0.497452   0.625991
      0.13   0.812497   0.523801   0.636964
      0.14   0.802751   0.542819   0.647679
      0.15   0.777484   0.560442   0.651358
      0.16   0.751654   0.564862   0.645007
      0.17   0.698552   0.564547   0.624441
      0.18   0.667108   0.559682   0.608692
      0.19   0.619901   0.551172    0.58352
       0.2   0.586813   0.545062   0.565167
      0.21   0.542654   0.530971   0.536749
      0.22   0.506277   0.514361   0.510287
      0.23   0.480047   0.500686   0.490149
      0.24   0.442305   0.481387   0.461019
      0.25   0.413027   0.468431   0.438988
      0.26   0.365941   0.435608   0.397747
      0.27   0.322344   0.410375   0.361071
      0.28   0.275218   0.374944   0.317432
      0.29   0.243573   0.349487   0.287072
       0.3    0.19793   0.311451   0.242041
      0.31    0.15285   0.268908    0.19491
      0.32   0.125897   0.241549   0.165523
      0.33  0.0952954   0.208666   0.130838
      0.34  0.0704689   0.179502   0.101206
      0.35  0.0524205   0.153374  0.0781356
      0.36  0.0383027   0.142413  0.0603688
      0.37  0.0288774   0.130133  0.0472661
      0.38  0.0217784   0.125794  0.0371287
      0.39  0.0140376   0.117042  0.0250686
       0.4 0.00930494   0.114341  0.0172094
      0.41 0.00930494   0.114712  0.0172136
      0.42 0.00930494   0.115713  0.0172248
      0.43 0.00930494     0.1169  0.0172378
      0.44 0.00930494   0.116622  0.0172348
      0.45 0.00930494    0.11642  0.0172326
      0.46 0.00914451    0.11661  0.0169591
      0.47 0.00914451   0.116406  0.0169569
      0.48 0.00914451   0.117204  0.0169653
      0.49 0.00914451   0.117241  0.0169657
       0.5 0.00902418   0.117688   0.016763
      0.51 0.00902418   0.117772  0.0167638
      0.52 0.00902418   0.118272  0.0167689
      0.53 0.00842257   0.117941  0.0157224
      0.54 0.00842257   0.118962  0.0157314
      0.55 0.00842257   0.119469  0.0157358
      0.56 0.00786107   0.120664  0.0147605
      0.57 0.00786107   0.124413  0.0147878
      0.58 0.00774075   0.128794  0.0146038
      0.59 0.00737978   0.134157    0.01399
       0.6 0.00717924   0.139513  0.0136558
      0.61  0.0069787   0.145749  0.0133196
      0.62 0.00661774   0.151351   0.012681
      0.63 0.00653752   0.154106  0.0125429
      0.64 0.00605623   0.157143   0.011663
      0.65 0.00605623   0.162162  0.0116764
      0.66 0.00549473   0.158629  0.0106215
      0.67 0.00529419   0.161629  0.0102526
      0.68 0.00517387   0.161905  0.0100273
      0.69 0.00517387   0.163209  0.0100298
       0.7 0.00501344   0.161616 0.00972519
      0.71 0.00489311   0.165165 0.00950465
      0.72 0.00473268   0.167183 0.00920479
      0.73 0.00465247     0.1664 0.00905185
      0.74 0.00405086   0.162866  0.0079051
      0.75 0.00364978   0.164179 0.00714082
      0.76 0.00316849   0.157168 0.00621175
      0.77 0.00316849   0.155979 0.00621082
      0.78 0.00316849   0.155979 0.00621082
      0.79 0.00316849    0.15625 0.00621103
       0.8 0.00292785   0.154804   0.005747
      0.81 0.00292785   0.154412 0.00574673
      0.82 0.00236634    0.15415 0.00466113
      0.83 0.00220591   0.146045 0.00434618
      0.84 0.00168451   0.130526  0.0033261
      0.85 0.00152408   0.125265 0.00301153
      0.86 0.00152408   0.125532 0.00301161
      0.87 0.00152408     0.1258 0.00301168
      0.88 0.00152408   0.126338 0.00301184
      0.89 0.00152408   0.128821 0.00301253
       0.9 0.00152408   0.135632  0.0030143
      0.91 0.00152408   0.155263 0.00301854
      0.92 0.00152408   0.171687 0.00302135
      0.93 0.00152408   0.202952 0.00302545
      0.94 0.00152408    0.20339  0.0030255
      0.95 0.00116312   0.149733  0.0023083
      0.96 0.000762042  0.0882353 0.00151103
      0.97 0.000360967  0.0397351 0.000715436
      0.98 0.00016043  0.0206186 0.000318383
      0.99          0          0          0
