         0          1   0.172013   0.293534
      0.01   0.905551   0.174627   0.292792
      0.02   0.905551   0.176664   0.295649
      0.03   0.905551   0.181893   0.302937
      0.04   0.904834   0.198551   0.325645
      0.05   0.901535   0.213788   0.345617
      0.06   0.890419   0.248836    0.38897
      0.07   0.885399   0.277504   0.422567
      0.08   0.871773   0.322146   0.470447
      0.09   0.857143   0.349976   0.497017
       0.1    0.82609   0.380697   0.521202
      0.11   0.800273   0.415465   0.546969
      0.12   0.779977   0.438893   0.561711
      0.13   0.754446    0.45278   0.565922
      0.14   0.726262   0.458612   0.562207
      0.15   0.687894   0.467355   0.556574
      0.16   0.658778   0.471017   0.549295
      0.17   0.628944   0.481377   0.545355
      0.18   0.608434   0.485854   0.540278
      0.19   0.588999    0.48375   0.531211
       0.2   0.572289   0.482206     0.5234
      0.21   0.539443   0.474354   0.504809
      0.22    0.50459   0.459309   0.480886
      0.23   0.464788   0.448133   0.456308
      0.24   0.424771    0.42807   0.426414
      0.25   0.399885   0.414312   0.406971
      0.26   0.354346   0.395417   0.373757
      0.27   0.333835   0.380374   0.355589
      0.28   0.299197   0.362234   0.327712
      0.29   0.269578   0.349781   0.304487
       0.3   0.244048   0.327242   0.279587
      0.31   0.212995   0.307647   0.251717
      0.32   0.199727   0.294541    0.23804
      0.33   0.178428      0.275    0.21643
      0.34   0.167958   0.261736   0.204614
      0.35   0.128084   0.230352   0.164628
      0.36   0.105637   0.211485   0.140896
      0.37  0.0725043   0.185537   0.104264
      0.38  0.0546472     0.1693  0.0826246
      0.39  0.0451807   0.164479  0.0708889
       0.4  0.0422404   0.159375  0.0667812
      0.41  0.0393001   0.158268   0.062965
      0.42  0.0393001   0.160256  0.0631208
      0.43  0.0393001   0.160613  0.0631485
      0.44  0.0393001   0.161238  0.0631966
      0.45  0.0393001   0.161873  0.0632453
      0.46  0.0393001   0.155963  0.0627805
      0.47  0.0389415   0.152941  0.0620771
      0.48  0.0389415   0.152801  0.0620655
      0.49  0.0389415   0.151282  0.0619392
       0.5  0.0389415   0.151042   0.061919
      0.51  0.0381526   0.150977  0.0609124
      0.52  0.0380092   0.149599  0.0606172
      0.53  0.0379375   0.144784  0.0601214
      0.54  0.0377223   0.143246  0.0597184
      0.55  0.0375072   0.141414  0.0592891
      0.56  0.0370769   0.141509  0.0587585
      0.57  0.0361446   0.139022  0.0573727
      0.58  0.0359294    0.13913  0.0571105
      0.59  0.0352123   0.134503   0.055813
       0.6  0.0345668   0.132613  0.0548393
      0.61  0.0343517   0.130564  0.0543926
      0.62  0.0334911   0.123876   0.052727
      0.63  0.0334911   0.124124  0.0527494
      0.64  0.0329891   0.115619  0.0513318
      0.65  0.0324154   0.109631  0.0500362
      0.66  0.0304791   0.101765  0.0469088
      0.67   0.023953  0.0896624  0.0378062
      0.68  0.0230207  0.0812834  0.0358797
      0.69  0.0199369  0.0759219  0.0315808
       0.7  0.0179289  0.0655556   0.028157
      0.71  0.0143431  0.0517241  0.0224585
      0.72  0.0141279  0.0480657  0.0218373
      0.73 0.00925129  0.0357583  0.0146996
      0.74 0.00616753  0.0308483  0.0102798
      0.75 0.00588067  0.0314735 0.00990975
      0.76 0.00566552  0.0311042 0.00958514
      0.77 0.00530694  0.0331492 0.00914917
      0.78 0.00530694  0.0391304 0.00934632
      0.79 0.00437464   0.042394 0.00793089
       0.8 0.00408778  0.0403226 0.00742303
      0.81 0.00394435   0.039886 0.00717878
      0.82  0.0037292  0.0369231 0.00677421
      0.83 0.00329891  0.0349206 0.00602833
      0.84 0.00236661  0.0238908 0.00430661
      0.85 0.00207975  0.0209059 0.00378314
      0.86 0.00157774  0.0165975 0.00288156
      0.87 0.00157774  0.0192308 0.00291622
      0.88 0.00157774  0.0205479 0.00293047
      0.89 0.00157774   0.025641 0.00297257
       0.9 0.00157774       0.04 0.00303574
      0.91 0.00143431  0.0416667 0.00277316
      0.92 0.00143431  0.0487805 0.00278668
      0.93 0.00143431  0.0869565 0.00282207
      0.94 0.00143431   0.105263 0.00283006
      0.95 0.000573723  0.0555556 0.00113572
      0.96 0.000573723  0.0588235 0.00113636
      0.97          0          0          0
      0.98          0          0          0
      0.99          0          0          0
