         0          1   0.171113   0.292223
      0.01   0.944561   0.151297   0.260818
      0.02   0.944561   0.151985   0.261838
      0.03   0.943132   0.153652   0.264253
      0.04   0.940846   0.158975   0.271991
      0.05   0.936369   0.164536    0.27989
      0.06   0.913507   0.176869   0.296358
      0.07   0.891694   0.189867   0.313072
      0.08   0.856163   0.214486   0.343036
      0.09   0.843875   0.240646   0.374498
       0.1   0.818727   0.286879   0.424881
      0.11   0.794151   0.334418   0.470646
      0.12   0.776624   0.358963   0.490988
      0.13   0.735378   0.392998   0.512244
      0.14    0.71947   0.403366   0.516923
      0.15   0.678796   0.409902   0.511142
      0.16   0.647361   0.408777   0.501121
      0.17   0.598685   0.393212   0.474666
      0.18   0.535721   0.377314   0.442776
      0.19   0.468565   0.356988   0.405237
       0.2   0.416746   0.337879   0.373191
      0.21   0.353972   0.318053   0.335053
      0.22   0.304344   0.297425   0.300845
      0.23   0.293389   0.287305   0.290315
      0.24   0.251953   0.258711   0.255287
      0.25   0.230234   0.239346   0.234702
      0.26   0.200514   0.217459   0.208643
      0.27   0.173938   0.197978   0.185181
      0.28   0.149838    0.17779   0.162622
      0.29   0.133359   0.166111   0.147944
       0.3   0.125452   0.147159   0.135442
      0.31   0.108878   0.132871   0.119684
      0.32   0.106211   0.127833   0.116023
      0.33  0.0990665   0.122807   0.109667
      0.34  0.0944942   0.118754   0.105244
      0.35  0.0826824   0.108333  0.0937856
      0.36  0.0711564  0.0954683  0.0815387
      0.37  0.0485807  0.0803958  0.0605643
      0.38  0.0394361  0.0759097  0.0519062
      0.39  0.0324824  0.0680229  0.0439687
       0.4  0.0281006  0.0658989  0.0394002
      0.41  0.0258144  0.0618158  0.0364199
      0.42  0.0210516  0.0564202  0.0306624
      0.43  0.0143837  0.0527344  0.0226024
      0.44  0.0143837   0.052459   0.022577
      0.45  0.0143837  0.0526316   0.022593
      0.46  0.0143837  0.0514851  0.0224855
      0.47  0.0143837  0.0515532   0.022492
      0.48  0.0143837  0.0511288  0.0224513
      0.49  0.0142884  0.0505992  0.0222842
       0.5  0.0140979  0.0494652  0.0219422
      0.51  0.0140979  0.0490921  0.0219053
      0.52  0.0140979  0.0493577  0.0219316
      0.53  0.0137169  0.0483981  0.0213756
      0.54  0.0135264  0.0479124  0.0210968
      0.55  0.0128596  0.0455172  0.0200536
      0.56  0.0128596  0.0448585   0.019989
      0.57  0.0120023   0.042966  0.0187632
      0.58  0.0120023  0.0432318  0.0187884
      0.59   0.011907   0.043573  0.0187031
       0.6   0.011907  0.0442478  0.0187645
      0.61  0.0113355  0.0432802  0.0179656
      0.62   0.011145   0.042654  0.0176724
      0.63  0.0105734  0.0426579  0.0169464
      0.64  0.0105734  0.0434412  0.0170074
      0.65  0.0105734  0.0434397  0.0170072
      0.66  0.0105734  0.0435177  0.0170132
      0.67  0.0105734  0.0444444  0.0170828
      0.68  0.0105734  0.0433944  0.0170038
      0.69  0.0103829      0.044  0.0168012
       0.7  0.0102877  0.0449791  0.0167453
      0.71  0.0102877  0.0456522  0.0167914
      0.72  0.0102877  0.0473506  0.0169029
      0.73  0.0102877  0.0501792  0.0170747
      0.74 0.00990665  0.0506329  0.0165711
      0.75 0.00971614  0.0535211  0.0164466
      0.76 0.00971614  0.0528771  0.0164159
      0.77 0.00904934  0.0575816  0.0156406
      0.78 0.00895409  0.0650224  0.0157406
      0.79 0.00809678  0.0710526   0.014537
       0.8 0.00752524  0.0724638  0.0136346
      0.81 0.00742999  0.0779221  0.0135664
      0.82 0.00695371  0.0827068  0.0128288
      0.83 0.00647742  0.0823045  0.0120097
      0.84 0.00581063  0.0969388  0.0109641
      0.85 0.00562012   0.100592  0.0106455
      0.86 0.00514384  0.0890411 0.00972582
      0.87 0.00514384  0.0935252 0.00975135
      0.88 0.00495332  0.0839695 0.00935481
      0.89 0.00495332  0.0873016 0.00937474
       0.9 0.00466756  0.0833333 0.00883998
      0.91 0.00428653  0.0756303 0.00811322
      0.92 0.00409602  0.0677966  0.0077253
      0.93 0.00333397  0.0517241 0.00626417
      0.94 0.00333397  0.0530973 0.00627399
      0.95 0.00228615  0.0384615 0.00431577
      0.96 0.000857306  0.0206186 0.00164617
      0.97 0.000857306  0.0384615 0.00167723
      0.98 0.000857306  0.0465116 0.00168358
      0.99 0.000285769  0.0454545 0.000567967
