         0          1   0.391539   0.562742
      0.01   0.933558   0.410447   0.570201
      0.02   0.933558   0.410967   0.570702
      0.03   0.933347   0.412567   0.572203
      0.04   0.924657   0.416625   0.574428
      0.05   0.917192   0.419808   0.575983
      0.06   0.894694   0.421167   0.572729
      0.07   0.867361   0.420976   0.566837
      0.08   0.829654   0.423662   0.560901
      0.09   0.797098   0.427467   0.556497
       0.1    0.74604   0.433636   0.548472
      0.11   0.703112   0.440515   0.541665
      0.12   0.683277   0.447953   0.541138
      0.13   0.648164   0.457962    0.53671
      0.14   0.623353   0.465142    0.53275
      0.15   0.586102   0.483841   0.530084
      0.16   0.559819   0.496396   0.526203
      0.17   0.521727    0.51435   0.518012
      0.18   0.494919   0.523145   0.508641
      0.19   0.464501   0.536646   0.497974
       0.2   0.446489   0.540385    0.48897
      0.21   0.409938    0.54083   0.466374
      0.22   0.373984   0.540358   0.442034
      0.23   0.349173    0.53654   0.423038
      0.24   0.322855   0.525976   0.400113
      0.25   0.302355   0.516601   0.381454
      0.26   0.268678   0.504078   0.350524
      0.27   0.260198   0.503073   0.342993
      0.28   0.242536   0.491571   0.324812
      0.29   0.226661   0.483673   0.308671
       0.3     0.2015   0.467419   0.281603
      0.31   0.177951   0.443894   0.254055
      0.32   0.165685   0.430307    0.23925
      0.33   0.148654   0.412308   0.218522
      0.34    0.13744   0.400776   0.204686
      0.35   0.127173   0.390797   0.191898
      0.36   0.115573   0.380372   0.177281
      0.37   0.106707   0.365591   0.165197
      0.38  0.0977362   0.350863   0.152885
      0.39  0.0856812   0.340197   0.136887
       0.4  0.0789529    0.33557    0.12783
      0.41  0.0686501   0.304762   0.112058
      0.42   0.054002   0.258824  0.0893596
      0.43  0.0402649   0.214653    0.06781
      0.44  0.0167858   0.148094  0.0301538
      0.45  0.0145781   0.143722  0.0264711
      0.46  0.0113541   0.124606  0.0208118
      0.47 0.00742921   0.111831  0.0139328
      0.48 0.00518643   0.101351 0.00986789
      0.49 0.00473087  0.0982759 0.00902718
       0.5 0.00459069    0.09319 0.00875033
      0.51 0.00406504  0.0890538 0.00777517
      0.52 0.00406504    0.08413 0.00775535
      0.53 0.00406504  0.0848126 0.00775823
      0.54 0.00406504  0.0791075 0.00773273
      0.55 0.00301374  0.0723404 0.00578641
      0.56 0.00280348  0.0670996 0.00538208
      0.57 0.00280348  0.0653595 0.00537634
      0.58 0.00280348  0.0655022 0.00537683
      0.59 0.00280348  0.0622222 0.00536522
       0.6 0.00280348  0.0622222 0.00536522
      0.61  0.0026633  0.0581655 0.00509339
      0.62 0.00259322  0.0560538  0.0049571
      0.63 0.00231287  0.0540541 0.00443593
      0.64 0.00199748  0.0497738 0.00384082
      0.65 0.00196243   0.047836  0.0037702
      0.66 0.00168209  0.0436782 0.00323942
      0.67 0.00143678  0.0416667 0.00277778
      0.68 0.00140174  0.0397196 0.00270791
      0.69 0.00112139  0.0374707 0.00217761
       0.7 0.000770956  0.0308057 0.00150427
      0.71 0.000665826  0.0285714 0.00130133
      0.72 0.000665826  0.0287081 0.00130147
      0.73 0.000665826  0.0290557 0.00130182
      0.74 0.000525652  0.0269608  0.0010312
      0.75 0.000525652  0.0271605 0.00103134
      0.76 0.000525652  0.0273632 0.00103149
      0.77 0.000420521  0.0250627 0.000827164
      0.78 0.000420521  0.0252525 0.000827267
      0.79 0.000420521  0.0233161 0.000826143
       0.8 0.000420521  0.0211082 0.000824615
      0.81 0.000420521  0.0187166 0.000822562
      0.82 0.000420521  0.0188679 0.000822707
      0.83 0.000420521  0.0190736  0.0008229
      0.84 0.000420521  0.0168067 0.000820513
      0.85 0.000420521  0.0169014 0.000820625
      0.86 0.000420521  0.0142045 0.00081686
      0.87 0.000420521  0.0142857 0.000816993
      0.88 0.000420521  0.0157729 0.000819202
      0.89 0.000420521  0.0138408 0.000816243
       0.9 0.000420521  0.0142349 0.00081691
      0.91 0.000350435  0.0113208 0.000679825
      0.92 0.000350435  0.0119048 0.000680828
      0.93 0.000350435  0.0131004 0.000682609
      0.94 0.000210261  0.0097561 0.00041165
      0.95 0.000210261  0.0137931 0.000414207
      0.96 7.00869e-05 0.00900901 0.000139092
      0.97 7.00869e-05  0.0666667 0.000140027
      0.98          0          0          0
      0.99          0          0          0
