         0          1   0.216663    0.35616
      0.01   0.982337    0.28663   0.443774
      0.02   0.982337   0.533462   0.691437
      0.03   0.982337   0.548863   0.704243
      0.04   0.982337   0.558485   0.712114
      0.05   0.982337    0.58295   0.731691
      0.06   0.979303   0.605278   0.748148
      0.07    0.97808   0.615878   0.755826
      0.08   0.975453   0.616073   0.755188
      0.09   0.972101   0.617038   0.754903
       0.1   0.968841   0.619631    0.75585
      0.11     0.9649   0.619921   0.754864
      0.12   0.960462   0.620258   0.753751
      0.13   0.957563   0.624293   0.755821
      0.14    0.95385   0.626872   0.756542
      0.15   0.946649   0.630679   0.757017
      0.16   0.942935   0.634017   0.758218
      0.17   0.930072   0.635226    0.75488
      0.18   0.926359   0.638755   0.756132
      0.19   0.911639   0.641875   0.753335
       0.2   0.903487   0.647276   0.754217
      0.21   0.880933   0.652403   0.749638
      0.22   0.859511   0.656335   0.744306
      0.23    0.84375   0.654545   0.737201
      0.24    0.82577   0.649492     0.7271
      0.25   0.814085   0.644439   0.719396
      0.26   0.766078   0.628264    0.69036
      0.27    0.73596   0.619271   0.672592
      0.28   0.704121   0.606959    0.65194
      0.29   0.690217   0.600695   0.642352
       0.3   0.662409   0.587601   0.622767
      0.31   0.624049   0.575832   0.598972
      0.32   0.603397   0.567159   0.584717
      0.33   0.555208   0.547697   0.551427
      0.34   0.526132   0.536594   0.531311
      0.35   0.481159   0.512593   0.496379
      0.36   0.446196   0.489963   0.467056
      0.37   0.384058   0.455052   0.416552
      0.38   0.340851   0.430769   0.380571
      0.39   0.284103   0.392444   0.329599
       0.4   0.240036   0.359287   0.287798
      0.41   0.155254    0.27716   0.199023
      0.42  0.0930707   0.211806   0.129317
      0.43  0.0701993   0.194198   0.103122
      0.44  0.0567935   0.174757   0.085727
      0.45  0.0466033   0.159975  0.0721795
      0.46  0.0337409   0.130128  0.0535872
      0.47  0.0251359   0.125725  0.0418957
      0.48  0.0250453   0.124758   0.041716
      0.49  0.0250453   0.123625  0.0416522
       0.5  0.0250453   0.121666  0.0415395
      0.51  0.0250453   0.117801  0.0413082
      0.52  0.0250453   0.116218  0.0412098
      0.53  0.0249094   0.113095  0.0408267
      0.54  0.0247736   0.111406  0.0405336
      0.55  0.0246377   0.109406  0.0402184
      0.56  0.0246377   0.107383  0.0400796
      0.57  0.0242754   0.105334  0.0394574
      0.58  0.0242301   0.104871   0.039365
      0.59  0.0239583   0.102319  0.0388256
       0.6  0.0238225   0.101231  0.0385687
      0.61  0.0232337  0.0984848  0.0375977
      0.62  0.0226902  0.0957668  0.0366879
      0.63  0.0225091  0.0948396   0.036383
      0.64  0.0221014  0.0935961  0.0357589
      0.65  0.0217844  0.0908446  0.0351419
      0.66  0.0209239   0.087113   0.033743
      0.67  0.0204257   0.084425  0.0328933
      0.68  0.0195199  0.0807407  0.0314391
      0.69  0.0193388  0.0787106   0.031049
       0.7  0.0182518  0.0748092  0.0293443
      0.71   0.016712  0.0688038   0.026892
      0.72  0.0160779   0.066561  0.0258997
      0.73  0.0148551  0.0626016  0.0240122
      0.74  0.0137228  0.0596026  0.0223092
      0.75  0.0118207  0.0551783  0.0194703
      0.76  0.0105525  0.0511265  0.0174943
      0.77  0.0100091  0.0495575  0.0166544
      0.78 0.00887681  0.0458633  0.0148746
      0.79 0.00774457  0.0432781  0.0131381
       0.8 0.00701993  0.0403756  0.0119604
      0.81 0.00661232  0.0387597  0.0112973
      0.82 0.00566123  0.0354251 0.00976236
      0.83 0.00471014  0.0336488 0.00826356
      0.84  0.0040308  0.0314607 0.00714603
      0.85 0.00389493   0.028436 0.00685141
      0.86 0.00366848  0.0248447 0.00639299
      0.87 0.00339674  0.0244845 0.00596584
      0.88 0.00212862  0.0221607 0.00388416
      0.89 0.00172101  0.0223214 0.00319564
       0.9 0.000815217 0.00655022 0.00144998
      0.91 0.000815217 0.00817439 0.00148258
      0.92 0.000181159 0.00619195 0.00035202
      0.93 0.000181159 0.00628931 0.000352175
      0.94 0.000181159 0.00636943 0.000352299
      0.95 4.52899e-05 0.00326797 8.93416e-05
      0.96 4.52899e-05 0.00331126 8.93575e-05
      0.97          0          0          0
      0.98          0          0          0
      0.99          0          0          0
