         0          1   0.205491   0.340925
      0.01   0.941505   0.224433   0.362463
      0.02   0.941505    0.22459   0.362668
      0.03   0.941505   0.224842   0.362997
      0.04   0.941505   0.226424   0.365056
      0.05   0.941505   0.228878   0.368238
      0.06   0.939755   0.236117   0.377409
      0.07   0.938422   0.243621   0.386821
      0.08   0.935172   0.257553   0.403876
      0.09   0.925923   0.269585   0.417588
       0.1   0.913591   0.291418   0.441884
      0.11   0.898508   0.314823   0.466272
      0.12    0.88401   0.330717   0.481354
      0.13   0.869761   0.359341   0.508568
      0.14   0.856512   0.382033   0.528388
      0.15   0.823848   0.405513   0.543504
      0.16   0.793767    0.41929   0.548727
      0.17   0.759603   0.435194   0.553357
      0.18    0.72244   0.447988   0.553036
      0.19    0.68211   0.456882   0.547227
       0.2   0.655862   0.455688   0.537751
      0.21    0.59545   0.436401   0.503667
      0.22   0.544955   0.416058   0.471862
      0.23   0.515457   0.398386   0.449423
      0.24   0.460878   0.369458   0.410136
      0.25   0.414299   0.349382   0.379081
      0.26   0.380468   0.324506   0.350266
      0.27   0.346971   0.301878   0.322858
      0.28   0.286976   0.266169   0.276181
      0.29   0.253479   0.242424   0.247828
       0.3   0.213232   0.210963   0.212092
      0.31   0.156987   0.179113   0.167322
      0.32   0.138488   0.162665   0.149606
      0.33  0.0961587   0.139288   0.113773
      0.34  0.0869094   0.132316    0.10491
      0.35  0.0735772      0.125  0.0926305
      0.36  0.0685776   0.121212  0.0875963
      0.37  0.0550787   0.117214  0.0749421
      0.38  0.0544121   0.117727  0.0744255
      0.39  0.0534955   0.116955  0.0734122
       0.4  0.0534955   0.117895  0.0735963
      0.41  0.0500792   0.117098  0.0701551
      0.42  0.0417465   0.115187  0.0612827
      0.43  0.0415799   0.115931  0.0612072
      0.44  0.0414965   0.118147  0.0614204
      0.45  0.0414132   0.119651  0.0615299
      0.46  0.0412466   0.123242  0.0618075
      0.47  0.0390801    0.12257  0.0592643
      0.48  0.0385801   0.122609  0.0586921
      0.49  0.0385801      0.125  0.0589621
       0.5  0.0365803   0.123982  0.0564927
      0.51  0.0336639   0.119926  0.0525708
      0.52  0.0334972    0.11847  0.0522273
      0.53  0.0326639   0.115238  0.0509003
      0.54  0.0322473   0.115718  0.0504388
      0.55  0.0310807   0.114398  0.0488811
      0.56  0.0310807      0.116  0.0490257
      0.57  0.0291642    0.11373  0.0464238
      0.58  0.0276644    0.11366  0.0444981
      0.59  0.0272477   0.113856  0.0439722
       0.6  0.0264145   0.116408  0.0430584
      0.61  0.0254979   0.114383  0.0417001
      0.62  0.0249146    0.11639  0.0410434
      0.63  0.0232481    0.11985  0.0389423
      0.64  0.0225815    0.12192  0.0381052
      0.65  0.0216649   0.121212  0.0367595
      0.66   0.020165   0.119785  0.0345189
      0.67  0.0192484   0.119835   0.033169
      0.68  0.0183318   0.120739  0.0318307
      0.69  0.0174985   0.119883  0.0305394
       0.7  0.0137489   0.108761  0.0244117
      0.71 0.00741605   0.102524  0.0138316
      0.72 0.00708274    0.10306  0.0132546
      0.73 0.00699942   0.105882  0.0131308
      0.74 0.00699942   0.107877  0.0131459
      0.75 0.00666611   0.106383  0.0125461
      0.76 0.00666611   0.112994  0.0125895
      0.77 0.00649946   0.114919  0.0123031
      0.78 0.00649946   0.119826  0.0123301
      0.79 0.00624948   0.118644  0.0118735
       0.8 0.00483293   0.112861 0.00926895
      0.81 0.00433297   0.110448 0.00833881
      0.82 0.00391634   0.111498  0.0075669
      0.83 0.00349971      0.108 0.00677972
      0.84 0.00291642  0.0980392 0.00566435
      0.85 0.00274977  0.0978261 0.00534918
      0.86 0.00233314  0.0921986 0.00455111
      0.87 0.00183318  0.0737705 0.00357746
      0.88 0.00091659  0.0449438 0.00179654
      0.89 0.000166653  0.0144928 0.000329516
       0.9          0          0          0
      0.91          0          0          0
      0.92          0          0          0
      0.93          0          0          0
      0.94          0          0          0
      0.95          0          0          0
      0.96          0          0          0
      0.97          0          0          0
      0.98          0          0          0
      0.99          0          0          0
