         0          1   0.214804   0.353644
      0.01   0.888035   0.219353   0.351807
      0.02   0.887288   0.227831   0.362566
      0.03   0.886318      0.257   0.398461
      0.04   0.884974   0.349366   0.500964
      0.05   0.883855   0.403373    0.55394
      0.06   0.883332   0.442532   0.589657
      0.07   0.882063   0.452219   0.597903
      0.08   0.880197   0.466084   0.609451
      0.09    0.87654   0.469806   0.611736
       0.1   0.871464   0.478132   0.617481
      0.11   0.859894   0.482865   0.618447
      0.12   0.848175   0.482612   0.615184
      0.13   0.828917   0.486123   0.612842
      0.14   0.819139    0.49151   0.614375
      0.15   0.807569   0.491696   0.611235
      0.16   0.796074   0.490467   0.606973
      0.17   0.775696   0.486765   0.598167
      0.18   0.765918   0.486688    0.59518
      0.19   0.750765   0.484331   0.588811
       0.2   0.742704   0.483971   0.586051
      0.21   0.733821   0.481569   0.581518
      0.22   0.722177   0.477992   0.575244
      0.23   0.716056   0.476423   0.572162
      0.24   0.697246   0.473074    0.56369
      0.25   0.688662   0.470191   0.558833
      0.26   0.667463   0.525743   0.588186
      0.27   0.657237    0.52146   0.581528
      0.28   0.638874   0.514505   0.569985
      0.29   0.623125   0.511167   0.561621
       0.3   0.609539   0.513004   0.557121
      0.31   0.593193   0.507433   0.546972
      0.32   0.585803   0.508216   0.544258
      0.33   0.571695   0.510324   0.539269
      0.34   0.553184   0.506981   0.529075
      0.35   0.529447   0.500906   0.514781
      0.36   0.521012   0.503529   0.512122
      0.37   0.501008    0.50421   0.502604
      0.38   0.483317   0.497444   0.490279
      0.39   0.465701   0.493355   0.479129
       0.4   0.447638   0.490153   0.467932
      0.41   0.414421   0.479143   0.444438
      0.42   0.380533   0.465686   0.418825
      0.43     0.3665   0.462753    0.40904
      0.44   0.346421   0.456407    0.39388
      0.45   0.330522   0.457321   0.383718
      0.46   0.319624   0.456978   0.376154
      0.47   0.312906   0.456909   0.371439
      0.48   0.307905   0.463529    0.37002
      0.49   0.304844   0.467374   0.369005
       0.5   0.296708   0.463918   0.361934
      0.51   0.275286   0.455556   0.343188
      0.52    0.26073   0.446273   0.329155
      0.53   0.251474   0.447853   0.322091
      0.54   0.245577   0.443386   0.316085
      0.55   0.241621   0.440529   0.312075
      0.56   0.237665   0.443052   0.309374
      0.57   0.225946   0.441212    0.29885
      0.58   0.218706    0.43884   0.291924
      0.59   0.211017   0.437416   0.284693
       0.6   0.198925   0.434174   0.272842
      0.61    0.18743    0.44086   0.263033
      0.62   0.181309   0.462867   0.260556
      0.63   0.176383   0.461818    0.25527
      0.64   0.169142   0.477912   0.249856
      0.65   0.161006    0.47619   0.240647
      0.66   0.144809   0.473684   0.221809
      0.67   0.136001   0.488251   0.212742
      0.68   0.119579   0.482456   0.191655
      0.69   0.109054   0.488673   0.178315
       0.7  0.0988281    0.54386   0.167262
      0.71  0.0803165   0.573864   0.140911
      0.72  0.0719564   0.566265   0.127687
      0.73  0.0618795   0.574468   0.111725
      0.74   0.051728   0.627119  0.0955727
      0.75  0.0476226   0.683673  0.0890428
      0.76  0.0467269   0.747126   0.087953
      0.77  0.0438904   0.797297  0.0832007
      0.78  0.0395611   0.873016  0.0756922
      0.79  0.0395611          1  0.0761112
       0.8  0.0391132          1  0.0752819
      0.81  0.0367246          1  0.0708474
      0.82  0.0307532          1  0.0596712
      0.83  0.0297828          1  0.0578429
      0.84   0.024707          1  0.0482226
      0.85  0.0241099          1  0.0470845
      0.86  0.0223931          1  0.0438052
      0.87  0.0212734          1  0.0416606
      0.88  0.0194073          1  0.0380757
      0.89  0.0194073          1  0.0380757
       0.9  0.0185863          1  0.0364942
      0.91  0.0160484          1  0.0315898
      0.92  0.0150034          1  0.0295632
      0.93  0.0135105          1  0.0266608
      0.94   0.012988          1  0.0256429
      0.95  0.0126148          1  0.0249152
      0.96  0.0107487          1  0.0212687
      0.97 0.00724043          1  0.0143768
      0.98 0.00649399          1  0.0129042
      0.99 0.00559827          1  0.0111342
