         0          1   0.406617   0.578148
      0.01   0.929404   0.456698   0.612447
      0.02   0.929404   0.482268   0.635022
      0.03   0.928611   0.509313   0.657829
      0.04   0.924092    0.52381    0.66862
      0.05   0.919494   0.531924   0.673963
      0.06   0.887664   0.546241   0.676305
      0.07   0.850721   0.550507   0.668453
      0.08    0.79384   0.557972   0.655329
      0.09   0.762169   0.559361   0.645203
       0.1   0.707111   0.557105   0.623209
      0.11   0.659069   0.554836   0.602477
      0.12   0.631402   0.551531    0.58877
      0.13   0.586095   0.540004   0.562106
      0.14   0.551887   0.533877   0.542733
      0.15   0.509156   0.524393   0.516662
      0.16   0.480656   0.518486   0.498855
      0.17    0.43745   0.508137   0.470152
      0.18   0.401181   0.499476   0.444965
      0.19   0.360354   0.481556   0.412231
       0.2   0.341406   0.473039   0.396585
      0.21   0.285714   0.440871   0.346726
      0.22   0.234739   0.399537   0.295729
      0.23    0.21599   0.378684   0.275082
      0.24   0.185508   0.342745   0.240726
      0.25   0.165055   0.321933   0.218226
      0.26   0.134018   0.288368   0.182991
      0.27   0.125099   0.272819    0.17154
      0.28  0.0912875   0.243799   0.132836
      0.29  0.0819328   0.229402   0.120742
       0.3  0.0690899   0.213656   0.104415
      0.31  0.0564056   0.190992  0.0870907
      0.32   0.049231   0.176163  0.0769557
      0.33  0.0398763   0.156418  0.0635512
      0.34  0.0330981   0.144681  0.0538721
      0.35  0.0225939   0.132262  0.0385948
      0.36  0.0200174   0.130192  0.0346997
      0.37  0.0189076   0.128651  0.0329697
      0.38  0.0189076   0.128189  0.0329544
      0.39  0.0181544   0.126717  0.0317588
       0.4  0.0172427   0.124531  0.0302913
      0.41  0.0154987   0.118687  0.0274171
      0.42  0.0127636   0.115482  0.0229866
      0.43  0.0122483   0.114504  0.0221294
      0.44 0.00939432   0.112036  0.0173351
      0.45 0.00939432   0.112251  0.0173377
      0.46 0.00939432   0.111825  0.0173326
      0.47 0.00939432   0.111613    0.01733
      0.48 0.00939432   0.111757  0.0173317
      0.49 0.00939432   0.111616    0.01733
       0.5 0.00939432   0.111619  0.0173301
      0.51 0.00939432    0.11236  0.0173389
      0.52 0.00939432   0.112367   0.017339
      0.53 0.00939432   0.112086  0.0173357
      0.54 0.00915649   0.111187  0.0169196
      0.55  0.0089583   0.109494  0.0165616
      0.56  0.0089583   0.108696  0.0165524
      0.57 0.00856192    0.10271  0.0158062
      0.58 0.00856192  0.0967273  0.0157314
      0.59 0.00776915  0.0888723  0.0142891
       0.6 0.00753131   0.088558   0.013882
      0.61 0.00733312     0.0875  0.0135322
      0.62 0.00610433  0.0792254  0.0113353
      0.63 0.00590614  0.0801843  0.0110019
      0.64 0.00562867  0.0804369  0.0105211
      0.65 0.00562867  0.0787565  0.0105064
      0.66 0.00487554  0.0662857 0.00908299
      0.67 0.00487554  0.0705446 0.00912071
      0.68 0.00455843   0.077455 0.00861013
      0.69 0.00455843  0.0823353 0.00863859
       0.7  0.0043206  0.0944742 0.00826329
      0.71 0.00428096   0.109677 0.00824028
      0.72 0.00428096   0.134565 0.00829793
      0.73 0.00404313   0.167247 0.00789539
      0.74 0.00404313   0.189723 0.00791753
      0.75 0.00392421   0.208889  0.0077037
      0.76 0.00392421   0.211268  0.0077053
      0.77  0.0038053    0.21608 0.00747888
      0.78 0.00293325   0.206349 0.00578427
      0.79 0.00281433   0.217143 0.00555665
       0.8 0.00281433   0.227545  0.0055599
      0.81 0.00269542   0.229299  0.0053282
      0.82 0.00249723   0.239726 0.00494296
      0.83 0.00241795   0.240876 0.00478784
      0.84 0.00237831   0.248062 0.00471145
      0.85 0.00202156   0.247934 0.00401043
      0.86 0.00202156   0.254386 0.00401125
      0.87 0.00166482       0.25 0.00330761
      0.88  0.0015459   0.227723 0.00307096
      0.89 0.00146662   0.208333 0.00291274
       0.9 0.00146662   0.236111 0.00291514
      0.91 0.000713493   0.104167 0.00141728
      0.92 0.000158554  0.0444444 0.000315981
      0.93 7.9277e-05  0.0238095 0.000158028
      0.94          0          0          0
      0.95          0          0          0
      0.96          0          0          0
      0.97          0          0          0
      0.98          0          0          0
      0.99          0          0          0
