         0          1   0.364376   0.534128
      0.01   0.955815   0.365589   0.528885
      0.02   0.955815   0.366035   0.529352
      0.03   0.954675   0.367529   0.530737
      0.04   0.948096     0.3733   0.535683
      0.05   0.939187   0.379196   0.540262
      0.06   0.915462   0.394143   0.551041
      0.07   0.897539   0.405135   0.558274
      0.08   0.856566   0.424151   0.567359
      0.09   0.829267   0.437089   0.572451
       0.1   0.776172     0.4555   0.574091
      0.11   0.719244    0.47278   0.570532
      0.12   0.685366   0.483219   0.566808
      0.13   0.617819   0.498092   0.551533
      0.14   0.579435   0.508939   0.541904
      0.15   0.517431   0.521713   0.519563
      0.16   0.469619    0.52998   0.497977
      0.17   0.412795   0.535558   0.466231
      0.18   0.389381   0.535486   0.450893
      0.19   0.325771   0.524564    0.40193
       0.2   0.292826   0.522388   0.375285
      0.21   0.261849   0.517422   0.347726
      0.22   0.241958   0.511968   0.328612
      0.23   0.218389   0.509319   0.305699
      0.24   0.197773   0.493735   0.282419
      0.25   0.184564   0.477096   0.266163
      0.26    0.15395   0.456021   0.230189
      0.27   0.132764   0.438753   0.203845
      0.28   0.115255   0.423881   0.181232
      0.29   0.107744   0.416667   0.171215
       0.3  0.0939653    0.39918   0.152122
      0.31  0.0787879   0.383922   0.130745
      0.32  0.0684797   0.373228   0.115726
      0.33  0.0534577   0.358953  0.0930567
      0.34   0.046102   0.354331  0.0815886
      0.35  0.0395752   0.361823  0.0713468
      0.36  0.0358456   0.364718  0.0652758
      0.37  0.0306138   0.374187  0.0565972
      0.38  0.0295778   0.376975  0.0548519
      0.39  0.0203574   0.357054  0.0385187
       0.4   0.019684   0.354414  0.0372966
      0.41   0.017094   0.350153  0.0325967
      0.42  0.0164724    0.33665   0.031408
      0.43   0.015799    0.33452   0.030173
      0.44  0.0141414   0.335835    0.02714
      0.45  0.0141414   0.354125  0.0271968
      0.46  0.0136234   0.376712  0.0262959
      0.47   0.013468   0.388626  0.0260338
      0.48  0.0131054   0.417323  0.0254128
      0.49   0.012432   0.426997  0.0241606
       0.5  0.0120694   0.449848  0.0235081
      0.51  0.0113442   0.466887  0.0221502
      0.52  0.0109816   0.485915  0.0214778
      0.53 0.00979021   0.488971  0.0191961
      0.54 0.00979021   0.494208  0.0192001
      0.55 0.00979021   0.495968  0.0192014
      0.56 0.00979021   0.493776  0.0191997
      0.57 0.00958301   0.488789  0.0187975
      0.58 0.00870241   0.485849  0.0170986
      0.59 0.00870241   0.482927  0.0170967
       0.6 0.00870241   0.479592  0.0170946
      0.61 0.00833981   0.475936  0.0163924
      0.62 0.00833981   0.478022  0.0163936
      0.63 0.00828801   0.477528  0.0162932
      0.64 0.00808081   0.468208  0.0158874
      0.65 0.00782181   0.461078  0.0153827
      0.66 0.00709661   0.452229  0.0139739
      0.67 0.00709661   0.452229  0.0139739
      0.68 0.00668221   0.468966  0.0131767
      0.69 0.00657861   0.507812  0.0129889
       0.7 0.00652681   0.533898   0.012896
      0.71 0.00626781   0.527273  0.0123883
      0.72 0.00621601   0.518868  0.0122848
      0.73 0.00554261    0.50495  0.0109649
      0.74 0.00554261    0.50495  0.0109649
      0.75 0.00533541   0.505051  0.0105593
      0.76 0.00507641   0.505155  0.0100518
      0.77  0.0043512   0.494505  0.0086265
      0.78  0.0043512   0.488889 0.00862564
      0.79  0.0040404   0.488636 0.00801454
       0.8   0.003885    0.47619 0.00770713
      0.81  0.0037814      0.475 0.00750308
      0.82  0.0035224   0.465753 0.00699193
      0.83  0.0026418     0.4375 0.00525189
      0.84  0.0026418   0.520833 0.00525694
      0.85  0.0026418        0.5 0.00525584
      0.86  0.0026418        0.5 0.00525584
      0.87  0.0025382        0.5 0.00505077
      0.88  0.0025382   0.486486 0.00505006
      0.89   0.002331   0.424242 0.00463653
       0.9   0.001813        0.4 0.00360964
      0.91   0.001813   0.416667 0.00361029
      0.92  0.0017094   0.391304 0.00340393
      0.93  0.0013986       0.35 0.00278607
      0.94  0.0013986   0.368421 0.00278662
      0.95  0.0011914     0.3125 0.00237375
      0.96 0.000777001   0.230769 0.00154879
      0.97 0.000777001      0.375 0.00155079
      0.98   0.000259   0.285714 0.000517531
      0.99  0.0002072        0.2 0.000413972
