         0          1   0.374026   0.544424
      0.01   0.880117   0.347093   0.497848
      0.02   0.864208   0.349887   0.498108
      0.03   0.855747   0.353015   0.499837
      0.04   0.846333   0.352177   0.497382
      0.05   0.839361   0.352287    0.49628
      0.06   0.822499   0.352071    0.49308
      0.07   0.818686   0.353295   0.493587
      0.08   0.805339   0.354081   0.491893
      0.09    0.80087   0.356263   0.493151
       0.1   0.787464   0.359939   0.494053
      0.11   0.769588    0.36416   0.494384
      0.12   0.761902   0.367787   0.496097
      0.13   0.751534   0.377195   0.502291
      0.14   0.745457   0.382318   0.505423
      0.15   0.737413   0.392583   0.512384
      0.16   0.728237   0.396376   0.513342
      0.17   0.711792   0.400958   0.512961
      0.18    0.69767   0.406469    0.51367
      0.19   0.674075   0.413056    0.51223
       0.2   0.656855   0.419301   0.511859
      0.21   0.631055   0.433376    0.51386
      0.22   0.596258   0.444098   0.509051
      0.23    0.57588   0.461374   0.512307
      0.24   0.543467   0.475396   0.507157
      0.25   0.529881   0.484154   0.505987
      0.26   0.493952   0.488858   0.491392
      0.27   0.470714   0.492705   0.481459
      0.28    0.44128   0.499652   0.468655
      0.29    0.41977   0.504089   0.458082
       0.3   0.382768   0.507381   0.436352
      0.31   0.354287   0.508847   0.417729
      0.32   0.335637   0.505422   0.403392
      0.33   0.293571   0.504847   0.371255
      0.34   0.275338   0.498582   0.354762
      0.35   0.242031   0.494429   0.324979
      0.36   0.227015   0.490176   0.310315
      0.37   0.203658       0.48   0.285979
      0.38   0.182387   0.467752   0.262442
      0.39   0.159864   0.450102   0.235932
       0.4   0.144611   0.439294   0.217592
      0.41   0.132158   0.420756   0.201138
      0.42   0.119764   0.407666   0.185138
      0.43   0.112078   0.397645   0.174868
      0.44   0.103319    0.38645   0.163047
      0.45  0.0972413   0.376228    0.15454
      0.46  0.0915212   0.362437    0.14614
      0.47  0.0882441   0.352391   0.141144
      0.48   0.084669   0.349138   0.136287
      0.49  0.0835965   0.350276   0.134979
       0.5  0.0780552   0.342045   0.127105
      0.51  0.0766847   0.331759   0.124575
      0.52  0.0706072   0.322892   0.115876
      0.53   0.068045   0.315528   0.111948
      0.54  0.0662575   0.310914   0.109236
      0.55  0.0631591   0.305085   0.104653
      0.56  0.0597629   0.297443  0.0995283
      0.57  0.0568432   0.292649  0.0951959
      0.58  0.0536257   0.274964   0.089748
      0.59  0.0454031   0.234009  0.0760506
       0.6   0.035095   0.199005  0.0596675
      0.61  0.0254424   0.157706  0.0438161
      0.62  0.0215694   0.139098  0.0373475
      0.63  0.0164452   0.124514  0.0290532
      0.64  0.0109039   0.105155  0.0197589
      0.65 0.00947387  0.0922747  0.0171835
      0.66 0.00506465  0.0727273 0.00946983
      0.67 0.00333671   0.069378 0.00636719
      0.68 0.00297921      0.065 0.00569728
      0.69 0.00274087  0.0615385   0.005248
       0.7  0.0026217  0.0616622 0.00502956
      0.71  0.0022642  0.0596591 0.00436281
      0.72 0.00214503  0.0550725 0.00412923
      0.73 0.00131085  0.0483384 0.00255248
      0.74 0.00125127  0.0430769 0.00243189
      0.75 0.000893762  0.0321543 0.00173918
      0.76 0.000536257  0.0165017 0.00103876
      0.77 0.000297921  0.0105634 0.000579497
      0.78 0.000297921  0.0110701 0.000580226
      0.79 0.000178752  0.0078125 0.000349508
       0.8 0.000178752 0.00796813 0.000349661
      0.81 5.95841e-05 0.00416667 0.000117488
      0.82          0          0          0
      0.83          0          0          0
      0.84          0          0          0
      0.85          0          0          0
      0.86          0          0          0
      0.87          0          0          0
      0.88          0          0          0
      0.89          0          0          0
       0.9          0          0          0
      0.91          0          0          0
      0.92          0          0          0
      0.93          0          0          0
      0.94          0          0          0
      0.95          0          0          0
      0.96          0          0          0
      0.97          0          0          0
      0.98          0          0          0
      0.99          0          0          0
