         0          1   0.176767   0.300428
      0.01   0.939092   0.152158   0.261883
      0.02   0.939092   0.185237   0.309437
      0.03    0.93878   0.201724   0.332089
      0.04   0.935701   0.219154   0.355131
      0.05   0.935523   0.229796   0.368962
      0.06   0.933916   0.247032   0.390716
      0.07   0.932756   0.258034   0.404241
      0.08   0.927491   0.273799   0.422789
      0.09   0.895721   0.283519   0.430708
       0.1   0.884164    0.30293   0.451253
      0.11   0.852394   0.321801   0.467216
      0.12   0.848467   0.335305   0.480659
      0.13   0.840837   0.360673    0.50481
      0.14   0.829503   0.376217   0.517654
      0.15   0.808755   0.393337   0.529266
      0.16   0.796261   0.405495   0.537346
      0.17    0.76632   0.422175   0.544422
      0.18   0.759315   0.432268    0.55091
      0.19   0.750614   0.442736    0.55696
       0.2   0.738164   0.448321    0.55784
      0.21   0.730088   0.455448   0.560957
      0.22    0.72103   0.459846   0.561554
      0.23   0.716077   0.462817   0.562243
      0.24   0.707019   0.473329   0.567041
      0.25    0.70153   0.477617   0.568314
      0.26   0.693633   0.480418   0.567665
      0.27   0.686002   0.473365   0.560184
      0.28   0.675873   0.479986   0.561331
      0.29    0.66744   0.485566   0.562159
       0.3   0.644817   0.498153   0.562076
      0.31   0.619473   0.533549   0.573309
      0.32   0.605774    0.55081   0.576986
      0.33   0.565347   0.552056   0.558622
      0.34    0.52202   0.535874   0.528857
      0.35   0.457945   0.494168   0.475367
      0.36   0.387399   0.453519    0.41786
      0.37     0.2725   0.363636    0.31154
      0.38   0.197225   0.284091   0.232819
      0.39  0.0908482   0.138801   0.109818
       0.4  0.0404712  0.0859375  0.0550278
      0.41 0.00995047  0.0564516  0.0169187
      0.42 0.00410513  0.0531792 0.00762189
      0.43 0.00410513  0.0531792 0.00762189
      0.44 0.00410513  0.0520833 0.00761041
      0.45 0.00410513  0.0520833 0.00761041
      0.46 0.00410513  0.0509849 0.00759845
      0.47 0.00410513  0.0509849 0.00759845
      0.48 0.00410513  0.0509849 0.00759845
      0.49 0.00410513  0.0509849 0.00759845
       0.5 0.00410513   0.049884 0.00758598
      0.51 0.00410513   0.049884 0.00758598
      0.52 0.00410513  0.0487805 0.00757295
      0.53 0.00410513  0.0487805 0.00757295
      0.54 0.00410513  0.0487805 0.00757295
      0.55 0.00410513  0.0487805 0.00757295
      0.56 0.00410513  0.0476744 0.00755934
      0.57 0.00410513  0.0476744 0.00755934
      0.58 0.00410513  0.0476744 0.00755934
      0.59 0.00410513  0.0466744 0.00754652
       0.6 0.00410513  0.0434783 0.00750194
      0.61 0.00410513  0.0426036 0.00748867
      0.62 0.00392664  0.0405244 0.00715956
      0.63 0.00392664  0.0395683 0.00714431
      0.64  0.0038374  0.0387409 0.00698311
      0.65  0.0038374  0.0389769 0.00698692
      0.66 0.00379278  0.0382244 0.00690083
      0.67 0.00379278  0.0372671 0.00688487
      0.68 0.00370354  0.0353982 0.00670551
      0.69 0.00365892  0.0346154 0.00661827
       0.7  0.0036143  0.0338983 0.00653213
      0.71 0.00356968  0.0339213 0.00645958
      0.72 0.00294498  0.0320781  0.0053947
      0.73 0.00290036  0.0301724 0.00529202
      0.74 0.00285574  0.0264317 0.00515457
      0.75 0.00281112  0.0258752 0.00507129
      0.76 0.00200794   0.021978  0.0036797
      0.77 0.00200794  0.0229133 0.00369232
      0.78 0.00200794  0.0221843 0.00368257
      0.79 0.00200794  0.0215827 0.00367407
       0.8 0.00182946   0.020794 0.00336304
      0.81 0.00182946    0.02079 0.00336299
      0.82 0.00182946  0.0239234 0.00339899
      0.83 0.00178484  0.0238727 0.00332135
      0.84  0.0016956   0.025641 0.00318085
      0.85 0.000446209   0.023166 0.000875555
      0.86 0.000356968  0.0207254 0.000701847
      0.87 0.000133863  0.0070922 0.000262766
      0.88          0          0          0
      0.89          0          0          0
       0.9          0          0          0
      0.91          0          0          0
      0.92          0          0          0
      0.93          0          0          0
      0.94          0          0          0
      0.95          0          0          0
      0.96          0          0          0
      0.97          0          0          0
      0.98          0          0          0
      0.99          0          0          0
