         0          1   0.361785    0.53134
      0.01   0.942109   0.360693   0.521664
      0.02   0.942109   0.361916   0.522941
      0.03   0.942015   0.362083   0.523102
      0.04   0.941828   0.363065   0.524096
      0.05   0.941672   0.364487   0.525551
      0.06   0.938771   0.368773   0.529532
      0.07    0.93665   0.372463   0.532983
      0.08   0.929757   0.380591   0.540097
      0.09    0.92277   0.390851   0.549117
       0.1   0.910356   0.409351   0.564754
      0.11   0.892639   0.427084   0.577745
      0.12    0.87776   0.441404   0.587413
      0.13   0.851372    0.46003    0.59731
      0.14   0.819401   0.467724   0.595519
      0.15   0.780786   0.476855   0.592095
      0.16   0.746319   0.484604   0.587639
      0.17   0.705084   0.499637   0.584843
      0.18    0.67539   0.508879   0.580429
      0.19   0.639894   0.519707   0.573572
       0.2   0.615409   0.522706   0.565282
      0.21   0.567873   0.528595   0.547531
      0.22    0.52093   0.530951   0.525892
      0.23   0.497848   0.529166   0.513029
      0.24   0.461385   0.522575   0.490078
      0.25   0.444386    0.51592   0.477488
      0.26   0.420961   0.506143   0.459639
      0.27   0.401497    0.49875   0.444871
      0.28    0.38272   0.486717   0.428499
      0.29   0.366282   0.478601   0.414975
       0.3   0.339832   0.459576   0.390735
      0.31    0.31073   0.444067   0.365621
      0.32   0.297255   0.433294   0.352609
      0.33    0.28272   0.418979    0.33762
      0.34    0.26753   0.405641   0.322417
      0.35   0.244666   0.388576   0.300269
      0.36   0.231847   0.379539   0.287854
      0.37   0.215409   0.376623   0.274066
      0.38   0.212071   0.373289   0.270479
      0.39   0.207299   0.365783   0.264627
       0.4   0.204585   0.361546   0.261307
      0.41   0.194167   0.353001   0.250531
      0.42   0.182096   0.340671   0.237333
      0.43   0.178696   0.336898   0.233526
      0.44   0.169526   0.329114   0.223782
      0.45   0.164785   0.322671   0.218158
      0.46   0.153681   0.310606   0.205624
      0.47   0.145041   0.304581   0.196506
      0.48    0.13874   0.298017   0.189336
      0.49   0.134623   0.289003   0.183683
       0.5   0.131004   0.282017   0.178903
      0.51   0.125671   0.272854   0.172083
      0.52   0.122146   0.269286   0.168061
      0.53   0.116812   0.264881   0.162127
      0.54   0.113631   0.257541   0.157687
      0.55   0.103213   0.238411   0.144059
      0.56  0.0925452   0.225194   0.131181
      0.57  0.0873051   0.207339   0.122872
      0.58  0.0809108   0.187861   0.113107
      0.59  0.0679975   0.159465  0.0953407
       0.6  0.0531503    0.12945  0.0753592
      0.61  0.0399251  0.0981735  0.0567651
      0.62  0.0267935   0.072904  0.0391856
      0.63  0.0208047   0.062422  0.0312081
      0.64  0.0118216  0.0318725  0.0172464
      0.65 0.00358702  0.0191257 0.00604105
      0.66  0.0010917 0.00864553 0.00193861
      0.67 0.000935745 0.00585652 0.00161366
      0.68 9.35745e-05 0.00152905 0.000176356
      0.69          0          0          0
       0.7          0          0          0
      0.71          0          0          0
      0.72          0          0          0
      0.73          0          0          0
      0.74          0          0          0
      0.75          0          0          0
      0.76          0          0          0
      0.77          0          0          0
      0.78          0          0          0
      0.79          0          0          0
       0.8          0          0          0
      0.81          0          0          0
      0.82          0          0          0
      0.83          0          0          0
      0.84          0          0          0
      0.85          0          0          0
      0.86          0          0          0
      0.87          0          0          0
      0.88          0          0          0
      0.89          0          0          0
       0.9          0          0          0
      0.91          0          0          0
      0.92          0          0          0
      0.93          0          0          0
      0.94          0          0          0
      0.95          0          0          0
      0.96          0          0          0
      0.97          0          0          0
      0.98          0          0          0
      0.99          0          0          0
