         0          1   0.298178   0.459379
      0.01   0.889154   0.301959   0.450819
      0.02   0.889154   0.302099   0.450975
      0.03   0.889154   0.302199   0.451086
      0.04   0.889154   0.302982   0.451958
      0.05   0.889154   0.304229   0.453344
      0.06   0.889048   0.307957   0.457456
      0.07   0.888252   0.312418   0.462252
      0.08   0.885442   0.323287   0.473641
      0.09   0.880721   0.332221   0.482454
       0.1    0.86969   0.348496   0.497598
      0.11   0.860037    0.36834    0.51578
      0.12   0.853991   0.382248   0.528112
      0.13   0.833625   0.404013   0.544255
      0.14   0.817449   0.419611   0.554557
      0.15   0.795651   0.442933   0.569069
      0.16   0.776664   0.454138   0.573142
      0.17   0.741819   0.471031   0.576196
      0.18    0.71965   0.482515   0.577694
      0.19    0.69345    0.49442   0.577261
       0.2   0.667993   0.497303   0.570147
      0.21   0.640997   0.502517   0.563372
      0.22   0.605091   0.503442   0.549606
      0.23   0.578785   0.506247   0.540091
      0.24   0.542137   0.508023   0.524526
      0.25   0.529303   0.513211   0.521133
      0.26   0.506073   0.511923   0.508981
      0.27   0.486025   0.507166   0.496371
      0.28   0.452983   0.496254   0.473632
      0.29   0.432087   0.486179    0.45754
       0.3   0.403447   0.479265     0.4381
      0.31   0.368974   0.476633    0.41595
      0.32    0.35232   0.478299   0.405756
      0.33    0.33275   0.468031   0.388963
      0.34   0.321294   0.461846   0.378957
      0.35   0.309149   0.448635   0.366054
      0.36   0.289578   0.422153   0.343518
      0.37   0.276213   0.399582   0.326637
      0.38   0.263166   0.382857   0.311924
      0.39    0.24577   0.356295   0.290888
       0.4   0.231822   0.339109   0.275385
      0.41   0.213736    0.31871   0.255875
      0.42   0.200424   0.309945   0.243433
      0.43   0.197613    0.30904   0.241074
      0.44   0.188332   0.308642   0.233924
      0.45    0.17974   0.307503   0.226871
      0.46   0.170141   0.302699   0.217839
      0.47   0.168125    0.30033   0.215573
      0.48   0.159268   0.297408   0.207445
      0.49   0.155556   0.293296   0.203291
       0.5   0.150835   0.284264   0.197091
      0.51   0.145691   0.278577   0.191323
      0.52   0.140493   0.279435   0.186978
      0.53   0.134394   0.281902   0.182014
      0.54   0.132326   0.287826     0.1813
      0.55   0.127924   0.289234    0.17739
      0.56   0.122514   0.297193   0.173503
      0.57    0.11424   0.292228   0.164265
      0.58   0.111005   0.292524   0.160938
      0.59  0.0965261   0.277523   0.143234
       0.6  0.0883055   0.271411   0.133255
      0.61  0.0775922    0.26755   0.120297
      0.62  0.0716521   0.271533   0.113384
      0.63   0.059825    0.25625  0.0970033
      0.64   0.049589   0.216846  0.0807189
      0.65  0.0362238   0.171598  0.0598198
      0.66  0.0188279   0.109524  0.0321321
      0.67  0.0126757  0.0889488  0.0221893
      0.68 0.00588703  0.0727848   0.010893
      0.69 0.00148502  0.0724638 0.00291039
       0.7 0.00127287   0.086758 0.00250893
      0.71 0.00127287   0.107345 0.00251591
      0.72 0.00127287   0.121795 0.00251941
      0.73 0.00127287   0.146154 0.00252376
      0.74 0.00127287   0.166667 0.00252645
      0.75 0.00127287   0.202247 0.00252982
      0.76 0.00127287   0.236842 0.00253214
      0.77 0.00127287   0.272727 0.00253392
      0.78 0.00127287   0.305085 0.00253517
      0.79 0.00127287       0.34 0.00253625
       0.8 0.00127287   0.386364 0.00253738
      0.81 0.00127287   0.451613 0.00253859
      0.82 0.00127287   0.458333 0.00253869
      0.83 0.00127287        0.5 0.00253928
      0.84 0.00127287        0.6 0.00254035
      0.85 0.00127287       0.75 0.00254143
      0.86 0.00127287       0.75 0.00254143
      0.87 0.00127287   0.727273  0.0025413
      0.88 0.00106073        0.7 0.00211824
      0.89 0.00106073   0.666667 0.00211808
       0.9 0.00106073   0.666667 0.00211808
      0.91 0.00106073   0.666667 0.00211808
      0.92 0.000636436   0.571429 0.00127146
      0.93 0.000636436   0.571429 0.00127146
      0.94 0.000636436   0.571429 0.00127146
      0.95 0.000212145        0.4 0.000424066
      0.96 0.000212145        0.4 0.000424066
      0.97 0.000212145        0.5 0.000424111
      0.98 0.000212145        0.5 0.000424111
      0.99 0.000212145        0.5 0.000424111
