         0          1    0.48887   0.656699
      0.01   0.948071   0.532072   0.681613
      0.02   0.947924    0.53594    0.68474
      0.03   0.947435   0.538374   0.686595
      0.04   0.940712   0.541555   0.687389
      0.05   0.938683   0.547701   0.691769
      0.06   0.934404   0.560159   0.700425
      0.07   0.930248    0.56933   0.706356
      0.08   0.915481   0.588653   0.716559
      0.09   0.905384   0.612735   0.730853
       0.1   0.871693   0.652887   0.746589
      0.11   0.845582    0.68694    0.75805
      0.12   0.832673   0.710222   0.766588
      0.13   0.807051   0.744875   0.774718
      0.14   0.794778    0.76431   0.779246
      0.15   0.764144   0.787309   0.775553
      0.16   0.736712   0.803651   0.768727
      0.17    0.70109   0.815923   0.754161
      0.18   0.676177   0.822321   0.742123
      0.19   0.634663   0.832329   0.720179
       0.2   0.602293   0.839865   0.701511
      0.21   0.547186   0.847588   0.665037
      0.22   0.488118    0.84986   0.620088
      0.23   0.445871   0.844752   0.583672
      0.24   0.396142   0.838722   0.538121
      0.25   0.360105    0.83201   0.502654
      0.26   0.302724   0.816109   0.441631
      0.27   0.268936   0.806776   0.403399
      0.28   0.225979   0.792896   0.351717
      0.29   0.201824   0.792539    0.32172
       0.3   0.163928   0.781413   0.271004
      0.31   0.135128   0.767169   0.229782
      0.32   0.119799   0.760426   0.206988
      0.33  0.0992128   0.744908   0.175104
      0.34  0.0891643   0.735714   0.159052
      0.35  0.0788226    0.73326   0.142344
      0.36  0.0752286   0.732719   0.136448
      0.37  0.0698254   0.733087   0.127506
      0.38  0.0666227   0.733333   0.122148
      0.39  0.0600949   0.726531   0.111008
       0.4  0.0549606   0.723891   0.102165
      0.41  0.0491907   0.719814  0.0920884
      0.42  0.0423451   0.710438  0.0799263
      0.43  0.0395335   0.712522  0.0749107
      0.44   0.036673   0.711864  0.0697526
      0.45   0.034546    0.71173  0.0658936
      0.46  0.0296074   0.707692  0.0568369
      0.47  0.0286783   0.712644  0.0551377
      0.48  0.0273825   0.719603  0.0527575
      0.49  0.0246198   0.728261  0.0476295
       0.5  0.0219305   0.740964  0.0426001
      0.51  0.0194123   0.762069  0.0378601
      0.52  0.0171385   0.757246  0.0335184
      0.53  0.0153049   0.742857  0.0299918
      0.54  0.0138869   0.746606  0.0272665
      0.55  0.0093394    0.72449  0.0184411
      0.56 0.00814141   0.717391  0.0161001
      0.57 0.00672339   0.698225  0.0133185
      0.58 0.00608772   0.685535  0.0120683
      0.59  0.0056232   0.662162  0.0111517
       0.6 0.00528092   0.652482   0.010477
      0.61 0.00488974   0.619048 0.00970283
      0.62 0.00422962   0.598214 0.00839985
      0.63 0.00408293   0.587156 0.00810947
      0.64  0.0036673   0.572816 0.00728795
      0.65 0.00337392   0.555556  0.0067071
      0.66 0.00249377   0.537634  0.0049645
      0.67 0.00224928   0.516854 0.00447907
      0.68  0.0018581   0.493976 0.00370227
      0.69 0.00163806   0.481481 0.00326502
       0.7 0.00149137   0.467532 0.00297325
      0.71 0.00144247   0.466667 0.00287605
      0.72 0.00144247   0.466667 0.00287605
      0.73 0.00141802   0.465753 0.00282744
      0.74 0.00129578   0.450704 0.00258413
      0.75 0.00129578   0.412698 0.00258345
      0.76 0.00127133        0.4 0.00253461
      0.77 0.000977947      0.375 0.00195081
      0.78 0.000953499   0.351852 0.00190184
      0.79 0.00092905   0.339623 0.00185303
       0.8 0.000855704   0.326923 0.00170694
      0.81 0.00073346   0.285714 0.00146316
      0.82 0.000709012   0.270833 0.00141432
      0.83 0.000611217   0.255319 0.00121951
      0.84 0.000611217    0.26087 0.00121958
      0.85 0.000513422   0.227273 0.00102453
      0.86 0.000513422   0.238095 0.00102464
      0.87 0.000488974   0.219512 0.000975774
      0.88 0.000488974   0.230769 0.00097588
      0.89 0.000488974   0.236842 0.000975932
       0.9 0.000391179   0.205882 0.000780874
      0.91 0.000391179   0.212121 0.000780918
      0.92 0.000391179   0.225806 0.000781005
      0.93 0.000342282   0.272727 0.000683705
      0.94 0.000317833   0.416667 0.000635181
      0.95 0.000317833        0.5 0.000635262
      0.96 0.000293384   0.666667 0.00058651
      0.97 0.000293384        0.8 0.000586553
      0.98 0.000244487       0.75 0.000488814
      0.99 0.000244487          1 0.000488854
