         0          1   0.242084   0.389803
      0.01   0.935091   0.217449   0.352846
      0.02   0.935091   0.217449   0.352846
      0.03   0.935091   0.217463   0.352865
      0.04   0.935091   0.218199   0.353832
      0.05   0.935031   0.219845   0.355989
      0.06   0.934493   0.226548   0.364686
      0.07   0.934015   0.235041   0.375571
      0.08   0.932341   0.251372   0.395981
      0.09   0.931206   0.264319   0.411761
       0.1    0.92995   0.288937   0.440889
      0.11   0.922778   0.315507   0.470236
      0.12   0.911541   0.336162   0.491184
      0.13   0.886498   0.365243   0.517339
      0.14   0.878788    0.38738   0.537725
      0.15   0.855896   0.411905   0.556157
      0.16   0.836531   0.426703   0.565137
      0.17   0.810292   0.442723   0.572595
      0.18   0.790688   0.452377   0.575495
      0.19   0.756201   0.465629   0.576363
       0.2   0.723328   0.470193   0.569917
      0.21   0.675094   0.468735     0.5533
      0.22    0.62166   0.469136   0.534734
      0.23   0.594406   0.463732      0.521
      0.24   0.553404   0.453488   0.498489
      0.25   0.521188    0.44406   0.479543
      0.26   0.472895   0.428957   0.449856
      0.27    0.44827   0.418131   0.432676
      0.28   0.404519   0.398359   0.401415
      0.29   0.381388   0.387841   0.384588
       0.3   0.343673   0.364996   0.354014
      0.31   0.297292   0.341536   0.317882
      0.32   0.275895   0.326772   0.299186
      0.33   0.257187   0.311091   0.281583
      0.34   0.237942   0.300599   0.265625
      0.35   0.222402   0.292119   0.252537
      0.36   0.210567     0.2814   0.240884
      0.37   0.197657     0.2694   0.228018
      0.38   0.184687   0.257696   0.215167
      0.39   0.171657   0.242777   0.201115
       0.4   0.160959    0.23251   0.190229
      0.41   0.145957   0.216728   0.174437
      0.42   0.123005   0.197297   0.151535
      0.43   0.104596   0.185612   0.133796
      0.44  0.0858287   0.175252   0.115226
      0.45  0.0783575    0.16506   0.106267
      0.46  0.0551671   0.152074  0.0809634
      0.47  0.0540314   0.149133  0.0793236
      0.48  0.0457235   0.130615  0.0677353
      0.49  0.0358018   0.117647  0.0548975
       0.5  0.0296456   0.106448  0.0463756
      0.51  0.0268364  0.0961776  0.0419637
      0.52  0.0253422  0.0889857  0.0394495
      0.53  0.0232503  0.0819672  0.0362251
      0.54  0.0211583  0.0767766  0.0331744
      0.55   0.018648  0.0747126  0.0298465
      0.56  0.0180503  0.0723431  0.0288919
      0.57  0.0177515  0.0694534   0.028276
      0.58  0.0171538  0.0672269  0.0273332
      0.59  0.0166756  0.0666667  0.0266781
       0.6  0.0161975  0.0638436  0.0258394
      0.61  0.0155998  0.0602489  0.0247828
      0.62  0.0142251  0.0562914   0.022711
      0.63  0.0139262  0.0556673   0.022279
      0.64 0.00974239  0.0493489  0.0162723
      0.65 0.00938378   0.049054  0.0157539
      0.66 0.00878609   0.046729  0.0147911
      0.67  0.0083677  0.0448529  0.0141042
      0.68  0.0083677  0.0460377  0.0141615
      0.69  0.0075907  0.0451362  0.0129958
       0.7  0.0075907  0.0469522  0.0130686
      0.71 0.00693324  0.0479574   0.012115
      0.72 0.00663439   0.050237  0.0117209
      0.73 0.00627578   0.052356  0.0112081
      0.74 0.00549877  0.0528634 0.00996138
      0.75 0.00514016  0.0538173 0.00938404
      0.76 0.00514016   0.057377 0.00943507
      0.77 0.00418385  0.0565749  0.0077915
      0.78 0.00400454  0.0618557  0.0075221
      0.79   0.003885  0.0668016 0.00734296
       0.8   0.003885  0.0696629 0.00735957
      0.81 0.00376547  0.0717949 0.00715564
      0.82 0.00376547  0.0841424 0.00720835
      0.83 0.00346662  0.0860215 0.00666466
      0.84 0.00334708  0.0921659 0.00645958
      0.85 0.00328731  0.0977011 0.00636061
      0.86 0.00215169  0.0601504 0.00415476
      0.87 0.00113562  0.0357143 0.00220124
      0.88 0.000896539  0.0319149 0.00174408
      0.89 0.000896539  0.0361446 0.00174968
       0.9 0.000597693  0.0333333 0.00117433
      0.91 0.000119539      0.025 0.000237939
      0.92 0.000119539    0.03125 0.000238166
      0.93          0          0          0
      0.94          0          0          0
      0.95          0          0          0
      0.96          0          0          0
      0.97          0          0          0
      0.98          0          0          0
      0.99          0          0          0
