         0          1   0.319512   0.484288
      0.01   0.965178   0.316183   0.476327
      0.02   0.965178   0.316201   0.476347
      0.03   0.965178   0.316251   0.476404
      0.04   0.964399   0.316695   0.476811
      0.05   0.964329   0.318338   0.478663
      0.06   0.962842   0.320705   0.481148
      0.07    0.95895   0.320515   0.480447
      0.08   0.945714    0.32058   0.478842
      0.09   0.934956    0.32047   0.477328
       0.1   0.914502   0.317686   0.471559
      0.11   0.887678   0.316521   0.466648
      0.12   0.858306   0.314696   0.460537
      0.13    0.80855   0.315609   0.454002
      0.14   0.767641   0.312097   0.443772
      0.15   0.697572   0.304618   0.424057
      0.16   0.647675   0.300906   0.410907
      0.17   0.583268   0.295859   0.392583
      0.18   0.540166    0.29271   0.379677
      0.19    0.46677   0.288709   0.356756
       0.2   0.431665   0.286359   0.344309
      0.21   0.363437   0.279342   0.315889
      0.22   0.284663   0.271877   0.278123
      0.23   0.256352   0.267633   0.261871
      0.24   0.212471   0.259793   0.233761
      0.25   0.193007    0.25443   0.219503
      0.26   0.156628   0.241935   0.190152
      0.27   0.139642   0.236551   0.175614
      0.28   0.110836   0.222668   0.148002
      0.29  0.0906646   0.213978   0.127364
       0.3  0.0775002   0.205353   0.112531
      0.31   0.050959    0.19163  0.0805088
      0.32  0.0425366   0.186964  0.0693054
      0.33   0.028806   0.183284  0.0497871
      0.34  0.0213037   0.179768  0.0380931
      0.35  0.0206667   0.180521  0.0370875
      0.36  0.0201713   0.180225  0.0362818
      0.37  0.0188265   0.178753  0.0340653
      0.38  0.0187558   0.178799  0.0339502
      0.39  0.0181188    0.17601  0.0328553
       0.4  0.0177649   0.176781  0.0322854
      0.41   0.017411   0.177658  0.0317139
      0.42     0.0155   0.175222  0.0284807
      0.43     0.0155   0.174965  0.0284773
      0.44  0.0152169   0.172293  0.0279641
      0.45  0.0152169   0.172927  0.0279724
      0.46  0.0152169   0.171119  0.0279485
      0.47  0.0152169   0.168983  0.0279197
      0.48  0.0149338   0.165302  0.0273929
      0.49   0.014863   0.161876  0.0272262
       0.5  0.0142261   0.158706  0.0261115
      0.51   0.013943   0.156151     0.0256
      0.52   0.013943   0.156125  0.0255997
      0.53  0.0135183   0.153404   0.024847
      0.54  0.0135183   0.151388  0.0248202
      0.55  0.0123151   0.144725  0.0226987
      0.56  0.0117489   0.144535  0.0217313
      0.57  0.0111827   0.140449  0.0207159
      0.58  0.0111119    0.13913  0.0205801
      0.59  0.0109703   0.134576  0.0202869
       0.6  0.0109703   0.130011  0.0202334
      0.61  0.0102626   0.125287  0.0189712
      0.62 0.00905938   0.111529  0.0167576
      0.63 0.00849317   0.102902  0.0156912
      0.64 0.00728997  0.0876945  0.0134609
      0.65 0.00700687  0.0813253  0.0129021
      0.66   0.006016  0.0736498  0.0111234
      0.67 0.00594522  0.0732538  0.0109979
      0.68 0.00537901  0.0711679   0.010002
      0.69 0.00474202  0.0662879 0.00885088
       0.7 0.00410503  0.0649087 0.00772172
      0.71 0.00276028  0.0576923 0.00526849
      0.72  0.0012032  0.0536913 0.00235365
      0.73  0.0012032   0.057971 0.00235747
      0.74  0.0012032  0.0601504 0.00235921
      0.75  0.0012032  0.0653951 0.00236292
      0.76  0.0012032  0.0695652 0.00236548
      0.77  0.0012032  0.0757098 0.00236875
      0.78  0.0012032       0.08 0.00237074
      0.79  0.0012032  0.0646388 0.00236242
       0.8 0.000495435  0.0413223 0.000979131
      0.81 0.000353882  0.0401786 0.000701585
      0.82 0.000353882  0.0424528 0.000701913
      0.83 0.000353882  0.0463918 0.000702406
      0.84 0.000353882  0.0532544 0.000703092
      0.85 0.000353882  0.0592105 0.000703559
      0.86 0.000353882  0.0769231 0.000704523
      0.87 0.000353882  0.0909091 0.00070502
      0.88 0.000353882   0.115385  0.0007056
      0.89 0.000353882   0.132353 0.000705877
       0.9 0.000353882   0.169811 0.000706292
      0.91 0.000353882   0.230769 0.00070668
      0.92 0.000353882   0.257143 0.000706791
      0.93 0.000353882   0.321429 0.000706986
      0.94 0.000353882   0.321429 0.000706986
      0.95 0.000353882   0.333333 0.000707014
      0.96 0.000353882   0.363636 0.000707076
      0.97 0.000353882        0.5 0.000707264
      0.98 0.000353882       0.75 0.00070743
      0.99 0.000353882          1 0.000707514
