         0          1   0.384732   0.555677
      0.01   0.919225   0.405008   0.562278
      0.02   0.919111   0.405449   0.562681
      0.03   0.918538   0.407196   0.564253
      0.04   0.916762   0.416578   0.572852
      0.05   0.912065   0.427695   0.582322
      0.06     0.8978   0.450368   0.599837
      0.07    0.86973   0.477829   0.616792
      0.08   0.773029   0.497608   0.605469
      0.09   0.729606   0.516336   0.604718
       0.1   0.681829   0.541995   0.603923
      0.11   0.616292   0.560804    0.58724
      0.12   0.579571   0.569724   0.574605
      0.13   0.526066   0.585709   0.554287
      0.14    0.48459   0.587168    0.53097
      0.15   0.421803   0.569276   0.484568
      0.16   0.379698   0.550205   0.449319
      0.17   0.306027   0.497785   0.379033
      0.18    0.26942   0.463643   0.340802
      0.19   0.213279   0.419166    0.28271
       0.2   0.182745   0.381073   0.247027
      0.21   0.152039   0.342554   0.210604
      0.22   0.131817   0.316357   0.186094
      0.23   0.120875   0.307925   0.173603
      0.24   0.107986   0.294737   0.158061
      0.25  0.0985335    0.28809   0.146843
      0.26  0.0907424   0.278862   0.136928
      0.27  0.0863313   0.277556   0.131699
      0.28  0.0807745   0.272516   0.124613
      0.29  0.0773946   0.269253    0.12023
       0.3  0.0678277   0.260479   0.107629
      0.31  0.0529904   0.251373  0.0875292
      0.32    0.04772   0.249381  0.0801105
      0.33  0.0457722   0.249529  0.0773549
      0.34  0.0432516   0.251943  0.0738288
      0.35  0.0398717   0.255362  0.0689739
      0.36    0.03695   0.253925  0.0645125
      0.37  0.0242896   0.247893  0.0442441
      0.38  0.0215972   0.246055  0.0397089
      0.39  0.0163841   0.245781  0.0307203
       0.4  0.0163841   0.247591  0.0307343
      0.41  0.0163841   0.251515  0.0307641
      0.42  0.0163841   0.254475   0.030786
      0.43  0.0163841   0.253376  0.0307779
      0.44  0.0161549   0.252046  0.0303636
      0.45  0.0156966   0.252534  0.0295561
      0.46  0.0154102   0.252874    0.02905
      0.47    0.01478       0.25    0.02791
      0.48  0.0142071    0.24878  0.0268793
      0.49  0.0138061   0.246988  0.0261505
       0.5  0.0124313   0.222104  0.0235447
      0.51  0.0103116   0.204171  0.0196318
      0.52  0.0101398   0.204289  0.0193206
      0.53 0.00956691   0.196512  0.0182456
      0.54 0.00933776    0.19578  0.0178253
      0.55 0.00887947   0.192354  0.0169753
      0.56 0.00842117   0.187952  0.0161201
      0.57 0.00807745    0.18047  0.0154628
      0.58 0.00807745   0.174404  0.0154398
      0.59 0.00802016   0.161708  0.0152824
       0.6 0.00779102   0.157757  0.0148487
      0.61 0.00750458    0.14702  0.0142802
      0.62 0.00739001   0.136856  0.0140228
      0.63   0.006989   0.128809  0.0132586
      0.64 0.00618698   0.124819  0.0117896
      0.65 0.00549954   0.122206  0.0105254
      0.66 0.00515582    0.12093 0.00988998
      0.67 0.00498396   0.120063 0.00957063
      0.68 0.00423923   0.106557 0.00815406
      0.69 0.00406737   0.103506 0.00782716
       0.7 0.00383822  0.0965517 0.00738295
      0.71  0.0034945  0.0877193 0.00672124
      0.72 0.00320807  0.0830389 0.00617748
      0.73 0.00257791  0.0701439 0.00497305
      0.74 0.00252062  0.0687161 0.00486287
      0.75 0.00234876  0.0641026 0.00453149
      0.76 0.00234876  0.0648148 0.00453325
      0.77 0.00234876  0.0652985 0.00453442
      0.78 0.00234876  0.0639098 0.00453101
      0.79 0.00234876  0.0536398 0.00450046
       0.8 0.00200504  0.0481696 0.00384983
      0.81 0.00183318   0.035225   0.003485
      0.82 0.00126031  0.0258449 0.00240342
      0.83 0.00074473       0.02 0.00143599
      0.84 0.000687443  0.0181087  0.0013246
      0.85 0.000687443  0.0182186 0.00132489
      0.86 0.000687443  0.0184049 0.00132538
      0.87 0.000687443  0.0143737 0.00131213
      0.88 0.000687443   0.010352 0.00128927
      0.89 0.000687443    0.00625 0.00123865
       0.9          0          0          0
      0.91          0          0          0
      0.92          0          0          0
      0.93          0          0          0
      0.94          0          0          0
      0.95          0          0          0
      0.96          0          0          0
      0.97          0          0          0
      0.98          0          0          0
      0.99          0          0          0
