         0          1   0.289124   0.448559
      0.01   0.933718   0.322343    0.47924
      0.02   0.933185   0.334956   0.492967
      0.03   0.932748   0.348538   0.507456
      0.04   0.928239   0.378285   0.537516
      0.05   0.927027   0.402458   0.561254
      0.06   0.918008   0.449267   0.603288
      0.07   0.910832      0.478   0.626969
      0.08    0.89871   0.509067   0.649966
      0.09   0.890419   0.534922   0.668338
       0.1   0.869182   0.569839   0.688376
      0.11   0.846247   0.604293   0.705091
      0.12   0.826416    0.61294   0.703847
      0.13   0.807409   0.615894   0.698767
      0.14   0.779189   0.617556    0.68902
      0.15     0.7484   0.621195    0.67889
      0.16   0.734048   0.623881   0.674495
      0.17    0.70801   0.630568   0.667049
      0.18   0.681488   0.633385   0.656557
      0.19   0.603423   0.614075   0.608702
       0.2   0.560415   0.606676   0.582628
      0.21   0.501406   0.592791   0.543283
      0.22   0.465913   0.582499   0.517724
      0.23   0.443076   0.575696   0.500754
      0.24   0.402444   0.563227    0.46945
      0.25   0.369036   0.552319   0.442447
      0.26    0.30319   0.521739   0.383515
      0.27    0.26091   0.497916     0.3424
      0.28   0.186676   0.456568   0.265001
      0.29   0.147256   0.425799   0.218832
       0.3   0.114333   0.373325   0.175054
      0.31  0.0926106    0.33861   0.145442
      0.32  0.0891195   0.323529   0.139745
      0.33  0.0769977   0.279877    0.12077
      0.34  0.0629849   0.221387   0.098069
      0.35  0.0558088   0.212044  0.0883613
      0.36  0.0540147   0.208763  0.0858237
      0.37  0.0468386   0.193778   0.075442
      0.38  0.0359775   0.177697  0.0598396
      0.39  0.0278801   0.157009   0.047352
       0.4  0.0189585   0.146388  0.0335695
      0.41  0.0167766   0.141199  0.0299899
      0.42  0.0167766   0.142012  0.0300081
      0.43  0.0163402   0.140281  0.0292708
      0.44  0.0151765   0.137335  0.0273325
      0.45  0.0138673   0.136929  0.0251842
      0.46  0.0135764   0.136606  0.0246982
      0.47  0.0130915   0.137061  0.0239002
      0.48  0.0124127   0.135045  0.0227357
      0.49  0.0124127   0.133858  0.0227187
       0.5  0.0122673   0.134104  0.0224783
      0.51  0.0122188    0.13756   0.022444
      0.52  0.0119763   0.137973  0.0220396
      0.53  0.0119763   0.140863  0.0220758
      0.54   0.011443   0.141927  0.0211784
      0.55  0.0108611    0.14191  0.0201779
      0.56  0.0104247       0.14  0.0194046
      0.57 0.00940652   0.140252  0.0176306
      0.58 0.00940652   0.141044  0.0176368
      0.59 0.00921257   0.138528  0.0172762
       0.6 0.00858223   0.138484  0.0161628
      0.61 0.00858223   0.142424   0.016189
      0.62 0.00858223   0.142638  0.0161903
      0.63  0.0079519   0.142857  0.0150652
      0.64 0.00761249   0.147059  0.0144756
      0.65 0.00741854   0.139456  0.0140877
      0.66 0.00722459   0.130511  0.0136913
      0.67 0.00722459   0.125224   0.013661
      0.68 0.00698216   0.112339  0.0131472
      0.69 0.00678821   0.111111  0.0127947
       0.7 0.00669123   0.108108  0.0126025
      0.71 0.00654577   0.106299  0.0123321
      0.72 0.00654577    0.10757  0.0123406
      0.73 0.00625485   0.106122  0.0118134
      0.74 0.00625485   0.106029  0.0118128
      0.75 0.00591544    0.10661  0.0112089
      0.76 0.00591544   0.108225  0.0112177
      0.77 0.00547905   0.107623  0.0104273
      0.78 0.00499418   0.104784 0.00953396
      0.79 0.00281226   0.101382 0.00547271
       0.8 0.00281226   0.101852 0.00547339
      0.81 0.00281226   0.103044 0.00547509
      0.82 0.00281226   0.106965 0.00548043
      0.83 0.00281226   0.113757 0.00548882
      0.84 0.00281226   0.118497 0.00549412
      0.85 0.00281226   0.118902 0.00549456
      0.86 0.00276377   0.124138 0.00540716
      0.87 0.00271528   0.127273 0.00531713
      0.88 0.00256982   0.138655 0.00504612
      0.89 0.00179403   0.137168 0.00354173
       0.9 0.00164856   0.131455 0.00325629
      0.91 0.00121218       0.13 0.00240196
      0.92 0.00121218   0.132597  0.0024024
      0.93 0.00101823   0.109091 0.00201763
      0.94 0.000775795  0.0779221 0.00153629
      0.95 0.000775795  0.0647482 0.00153322
      0.96 0.000630334  0.0384615 0.00124034
      0.97          0          0          0
      0.98          0          0          0
      0.99          0          0          0
