         0          1   0.108911   0.196429
      0.01   0.942731   0.111676   0.199696
      0.02   0.942731   0.111712   0.199754
      0.03   0.942731   0.111899   0.200053
      0.04   0.942731   0.113711   0.202943
      0.05   0.942731     0.1161    0.20674
      0.06   0.942462   0.121922   0.215912
      0.07   0.938573   0.126491   0.222937
      0.08    0.92838   0.133317   0.233153
      0.09   0.920064   0.138934   0.241414
       0.1   0.902092   0.144841   0.249606
      0.11   0.831813   0.143257   0.244419
      0.12   0.788895   0.144039   0.243601
      0.13   0.709898   0.145056   0.240891
      0.14   0.648337   0.144631   0.236503
      0.15   0.576985   0.146214   0.233305
      0.16    0.53809   0.146657   0.230493
      0.17   0.468616   0.144655    0.22107
      0.18   0.435354   0.143456   0.215802
      0.19   0.326314   0.132125   0.188092
       0.2   0.275483   0.126943   0.173799
      0.21   0.230955   0.119541    0.15754
      0.22   0.183611   0.106061   0.134455
      0.23   0.153702  0.0933817   0.116179
      0.24   0.111052  0.0765408  0.0906217
      0.25  0.0933476  0.0678756  0.0785995
      0.26  0.0675966  0.0560647  0.0612929
      0.27   0.054721  0.0510827  0.0528393
      0.28   0.042382  0.0461802  0.0441996
      0.29  0.0403702  0.0447154  0.0424319
       0.3  0.0362124  0.0420118  0.0388972
      0.31   0.026824  0.0373719  0.0312314
      0.32  0.0258852  0.0366524  0.0303419
      0.33  0.0241416  0.0349345  0.0285522
      0.34   0.023471  0.0345261  0.0279449
      0.35  0.0214592   0.032197  0.0257537
      0.36  0.0207886  0.0304183   0.024698
      0.37  0.0160944  0.0242967  0.0193627
      0.38 0.00643777  0.0212355 0.00988024
      0.39 0.00643777  0.0213178 0.00988912
       0.4 0.00643777  0.0214286 0.00990099
      0.41 0.00643777  0.0214704 0.00990545
      0.42 0.00643777  0.0214984 0.00990842
      0.43 0.00643777  0.0215545 0.00991438
      0.44 0.00643777  0.0216963 0.00992929
      0.45 0.00643777  0.0217966 0.00993976
      0.46 0.00643777  0.0219415 0.00995475
      0.47 0.00643777  0.0220294 0.00996377
      0.48 0.00643777  0.0224643  0.0100076
      0.49 0.00643777  0.0228058  0.0100411
       0.5 0.00643777  0.0235378  0.0101103
      0.51 0.00643777  0.0246453  0.0102088
      0.52 0.00643777  0.0253456  0.0102676
      0.53 0.00643777  0.0259434  0.0103157
      0.54 0.00643777  0.0268293  0.0103839
      0.55 0.00643777  0.0291777  0.0105482
      0.56 0.00643777  0.0301645  0.0106109
      0.57 0.00643777  0.0317919  0.0107073
      0.58 0.00643777  0.0317776  0.0107065
      0.59 0.00643777  0.0340426  0.0108279
       0.6 0.00643777  0.0355951  0.0109035
      0.61 0.00643777  0.0364277  0.0109418
      0.62 0.00643777  0.0369914  0.0109669
      0.63 0.00643777   0.035533  0.0109006
      0.64 0.00643777  0.0367454   0.010956
      0.65 0.00643777  0.0364865  0.0109445
      0.66 0.00643777  0.0370899  0.0109712
      0.67 0.00643777  0.0368189  0.0109593
      0.68 0.00643777  0.0339506  0.0108232
      0.69 0.00643777  0.0322581  0.0107335
       0.7 0.00643777  0.0276817  0.0104461
      0.71 0.00362124  0.0202206 0.00614246
      0.72  0.0026824  0.0193798 0.00471254
      0.73 0.000670601  0.0176211 0.00129203
      0.74 0.000670601  0.0190024 0.00129548
      0.75 0.000670601  0.0179028 0.00129278
      0.76 0.000670601  0.0188172 0.00129505
      0.77 0.000670601  0.0212121  0.0013001
      0.78 0.000670601  0.0226537 0.00130264
      0.79 0.000670601  0.0258303 0.00130726
       0.8 0.000670601  0.0241935 0.00130503
      0.81 0.000670601  0.0272727 0.00130901
      0.82 0.000670601   0.032967 0.00131446
      0.83 0.000670601   0.037037 0.00131735
      0.84 0.000670601  0.0393701 0.00131874
      0.85 0.000670601  0.0454545  0.0013217
      0.86 0.000670601     0.0625 0.00132696
      0.87 0.000670601   0.078125 0.00132979
      0.88 0.000670601   0.111111 0.00133316
      0.89 0.000670601   0.129032 0.00133427
       0.9 0.000670601   0.181818 0.00133627
      0.91 0.000670601   0.235294 0.00133739
      0.92 0.000670601        0.5 0.00133941
      0.93 0.000670601   0.428571 0.00133911
      0.94 0.000670601   0.428571 0.00133911
      0.95 0.000670601        0.5 0.00133941
      0.96 0.000670601        0.4 0.00133896
      0.97 0.000670601        0.4 0.00133896
      0.98 0.000670601        0.5 0.00133941
      0.99 0.00013412   0.333333 0.000268132
