         0          1   0.354609   0.523559
      0.01   0.915838   0.355644   0.512335
      0.02   0.915838   0.356126   0.512835
      0.03   0.915838   0.357537   0.514296
      0.04   0.915637   0.365446   0.522396
      0.05   0.915556   0.373385   0.530443
      0.06   0.913383   0.392036   0.548604
      0.07   0.910686   0.406465   0.562065
      0.08   0.898169   0.431515   0.582956
      0.09   0.892332   0.449593   0.597926
       0.1   0.876917   0.473963   0.615342
      0.11    0.84524   0.495668   0.624888
      0.12    0.83067   0.512501   0.633902
      0.13   0.796861   0.534651   0.639938
      0.14   0.776253   0.551074   0.644563
      0.15   0.751499   0.572869   0.650137
      0.16   0.726343   0.581427   0.645856
      0.17   0.684403   0.593243   0.635571
      0.18   0.656229   0.601625   0.627741
      0.19   0.618998   0.607869   0.613383
       0.2   0.591226   0.609896   0.600416
      0.21   0.547434   0.609056   0.576603
      0.22   0.499577   0.604425   0.547022
      0.23   0.468947   0.601944   0.527187
      0.24   0.422902   0.582335   0.489975
      0.25   0.382693   0.566962    0.45695
      0.26   0.336969   0.539538   0.414846
      0.27   0.289555   0.506738   0.368529
      0.28   0.221091   0.445525   0.295527
      0.29   0.177581   0.404951   0.246893
       0.3   0.121272   0.336858    0.17834
      0.31  0.0835983   0.274049   0.128115
      0.32  0.0651238   0.245349   0.102927
      0.33  0.0520024   0.223684  0.0843865
      0.34   0.041457   0.212856  0.0693978
      0.35  0.0346951   0.205756  0.0593778
      0.36  0.0297847   0.201479  0.0518973
      0.37  0.0229825   0.194151  0.0410998
      0.38  0.0212518   0.193769  0.0383027
      0.39  0.0212518   0.194375  0.0383145
       0.4  0.0212518   0.194497  0.0383168
      0.41  0.0212518   0.194357  0.0383141
      0.42  0.0212518   0.193974  0.0383066
      0.43  0.0212518   0.193082  0.0382892
      0.44  0.0212518    0.19204  0.0382686
      0.45  0.0212518   0.192015  0.0382681
      0.46  0.0212518   0.192209   0.038272
      0.47  0.0212518   0.193818  0.0383036
      0.48  0.0212518   0.193211  0.0382917
      0.49  0.0212518   0.192867  0.0382849
       0.5  0.0212518    0.19383  0.0383038
      0.51    0.02097   0.196938   0.037904
      0.52   0.020809   0.201429  0.0377212
      0.53   0.020648   0.205993  0.0375338
      0.54  0.0205273   0.206497  0.0373424
      0.55  0.0204468   0.212658  0.0373066
      0.56  0.0199235   0.216814  0.0364936
      0.57   0.019521   0.221808   0.035884
      0.58   0.019038   0.220404  0.0350486
      0.59   0.019038    0.22123  0.0350591
       0.6   0.019038   0.217832  0.0350158
      0.61   0.018716    0.21641  0.0344525
      0.62  0.0184343   0.213098  0.0339332
      0.63  0.0182733   0.209081  0.0336092
      0.64  0.0179513   0.209227  0.0330656
      0.65  0.0179513   0.205212  0.0330146
      0.66  0.0173878   0.196885  0.0319536
      0.67  0.0172268   0.193402  0.0316357
      0.68  0.0164218   0.186761  0.0301891
      0.69  0.0160193   0.184337   0.029477
       0.7  0.0152546   0.182957  0.0281611
      0.71  0.0143691     0.1738  0.0265437
      0.72  0.0142081   0.176235  0.0262962
      0.73  0.0132824   0.167622  0.0246143
      0.74  0.0126384   0.164918  0.0234775
      0.75  0.0118736   0.162461  0.0221298
      0.76  0.0109479   0.161716  0.0205074
      0.77  0.0102234   0.166355   0.019263
      0.78 0.00953914   0.169421  0.0180614
      0.79 0.00921715   0.173719  0.0175055
       0.8  0.0090964   0.175644   0.017297
      0.81 0.00813041   0.174684  0.0155376
      0.82 0.00672167   0.169399  0.0129303
      0.83 0.00660093   0.169054  0.0127057
      0.84 0.00595693   0.165109   0.011499
      0.85 0.00567519   0.168317  0.0109802
      0.86  0.0047092   0.167286 0.00916052
      0.87  0.0044677      0.175 0.00871296
      0.88 0.00386396   0.187192 0.00757162
      0.89 0.00309922   0.188482 0.00609816
       0.9 0.00225397    0.17341 0.00445011
      0.91 0.00201248   0.171779 0.00397835
      0.92 0.00177098   0.162338 0.00350374
      0.93 0.00100624   0.141844  0.0019983
      0.94 0.000965989   0.140741 0.00191881
      0.95 0.000643993   0.117647 0.00128097
      0.96 0.000563494   0.106195 0.00112104
      0.97 0.000402495  0.0891089 0.000801371
      0.98 0.000321996  0.0752688 0.00064125
      0.99 8.04991e-05   0.025641 0.000160494
