         0          1   0.308236   0.471224
      0.01   0.945624   0.336487   0.496354
      0.02   0.945624   0.368797   0.530642
      0.03   0.945624   0.379837   0.541974
      0.04   0.945423   0.386883   0.549075
      0.05   0.945221   0.394207   0.556376
      0.06   0.942103    0.40621    0.56766
      0.07   0.939487   0.411314   0.572141
      0.08   0.933954   0.418719    0.57821
      0.09   0.931137   0.423246   0.581962
       0.1   0.922938   0.428238   0.585026
      0.11   0.908702   0.438427   0.591479
      0.12    0.89673   0.442018   0.592152
      0.13    0.86338   0.442965   0.585522
      0.14   0.836972    0.44543   0.581429
      0.15   0.799748   0.445493    0.57223
      0.16   0.776811   0.450333   0.570143
      0.17   0.735714    0.45716   0.563914
      0.18   0.691901   0.457459    0.55077
      0.19   0.654427   0.456213   0.537633
       0.2   0.633652    0.45729   0.531216
      0.21   0.596026   0.456544   0.517043
      0.22   0.534909   0.446712   0.486849
      0.23   0.504879   0.441685   0.471173
      0.24   0.446076   0.432557   0.439213
      0.25   0.414638   0.427582   0.421011
      0.26     0.3584   0.399547   0.377857
      0.27   0.324195   0.381625   0.350574
      0.28   0.263078   0.352679    0.30136
      0.29   0.220724   0.331731   0.265075
       0.3   0.182545   0.306482   0.228809
      0.31   0.142807   0.283874   0.190021
      0.32   0.123692   0.273265   0.170299
      0.33    0.10171   0.253295    0.14514
      0.34  0.0881288   0.245989   0.129767
      0.35  0.0761066   0.233726   0.114824
      0.36  0.0647384   0.224412   0.100488
      0.37   0.059004   0.215932  0.0926823
      0.38  0.0528672   0.210668  0.0845233
      0.39  0.0423038   0.195637  0.0695651
       0.4  0.0386821   0.187814  0.0641515
      0.41  0.0301308   0.171344  0.0512494
      0.42  0.0239437   0.162264  0.0417297
      0.43  0.0200704   0.157492  0.0356036
      0.44  0.0197183   0.155864  0.0350078
      0.45  0.0195674   0.155226  0.0347538
      0.46  0.0195674    0.15524  0.0347542
      0.47  0.0194668   0.154885  0.0345866
      0.48  0.0194668   0.153045  0.0345402
      0.49  0.0192656   0.153473  0.0342338
       0.5  0.0192656   0.152721   0.034215
      0.51  0.0192656   0.152334  0.0342053
      0.52  0.0192656   0.152444   0.034208
      0.53  0.0192656   0.155689  0.0342882
      0.54  0.0192656   0.161002  0.0344133
      0.55  0.0192656   0.166981  0.0345455
      0.56  0.0192656   0.168116  0.0345696
      0.57  0.0192656    0.17513  0.0347125
      0.58  0.0190644   0.173865  0.0343611
      0.59  0.0190644   0.178657  0.0344524
       0.6  0.0188632    0.18262  0.0341943
      0.61  0.0171026   0.193798  0.0314314
      0.62   0.017002   0.213628  0.0314973
      0.63  0.0169014   0.226824  0.0314587
      0.64  0.0156439   0.228758   0.029285
      0.65  0.0141348   0.223744  0.0265898
      0.66  0.0125252   0.209424  0.0236367
      0.67  0.0121227   0.202279  0.0228746
      0.68    0.01167   0.195122  0.0220229
      0.69  0.0112173   0.199313  0.0212393
       0.7 0.00930584   0.194444  0.0177616
      0.71  0.0082495   0.183406  0.0157888
      0.72 0.00789738   0.180556  0.0151329
      0.73 0.00699195   0.160622  0.0134006
      0.74 0.00648893   0.153846  0.0124526
      0.75 0.00528169   0.119048  0.0101146
      0.76 0.00518109   0.109091 0.00989235
      0.77 0.00150905  0.0705128 0.00295487
      0.78 0.00150905  0.0709677 0.00295527
      0.79 0.00150905  0.0662252 0.00295087
       0.8 0.00150905  0.0671141 0.00295174
      0.81 0.00150905     0.0625 0.00294695
      0.82 0.00150905  0.0567376 0.00293992
      0.83 0.00150905  0.0571429 0.00294046
      0.84 0.00150905  0.0510949 0.00293153
      0.85 0.00140845  0.0441176 0.00272975
      0.86 0.000402414  0.0305344 0.00079436
      0.87 0.000100604   0.015748 0.00019993
      0.88          0          0          0
      0.89          0          0          0
       0.9          0          0          0
      0.91          0          0          0
      0.92          0          0          0
      0.93          0          0          0
      0.94          0          0          0
      0.95          0          0          0
      0.96          0          0          0
      0.97          0          0          0
      0.98          0          0          0
      0.99          0          0          0
