         0          1   0.363236   0.532903
      0.01   0.931671   0.347073   0.505743
      0.02   0.931198   0.348668   0.507364
      0.03   0.928614   0.353922   0.512511
      0.04   0.922027   0.371616   0.529729
      0.05   0.908637   0.387525   0.543327
      0.06   0.866529    0.42783   0.572835
      0.07    0.81624    0.45857    0.58723
      0.08   0.725222   0.508291   0.597681
      0.09   0.647981   0.531724   0.584124
       0.1   0.519719   0.561348   0.539732
      0.11   0.419315   0.577011   0.485683
      0.12   0.360846   0.575511   0.443572
      0.13   0.299234   0.558413   0.389662
      0.14   0.277534   0.546252   0.368065
      0.15   0.250883   0.525365   0.339595
      0.16   0.244295   0.519281   0.332273
      0.17   0.240119   0.516488   0.327828
      0.18   0.237449   0.514119    0.32486
      0.19   0.237105   0.513465   0.324407
       0.2   0.237062   0.512821   0.324238
      0.21   0.237062    0.51085   0.323843
      0.22   0.232024   0.506618   0.318281
      0.23   0.230905   0.505268   0.316961
      0.24   0.224834   0.496973   0.309602
      0.25     0.2204   0.490085   0.304059
      0.26   0.195901    0.46402   0.275494
      0.27   0.163997   0.426752    0.23694
      0.28   0.101739   0.377522   0.160284
      0.29  0.0826229   0.355609   0.134091
       0.3  0.0603634   0.338235   0.102444
      0.31  0.0520107   0.330855  0.0898905
      0.32  0.0445621   0.326683  0.0784263
      0.33  0.0412469      0.325  0.0732033
      0.34  0.0412469      0.325  0.0732033
      0.35  0.0412469      0.325  0.0732033
      0.36  0.0412469      0.325  0.0732033
      0.37  0.0412469      0.325  0.0732033
      0.38  0.0412469      0.325  0.0732033
      0.39  0.0412469      0.325  0.0732033
       0.4  0.0412469      0.325  0.0732033
      0.41  0.0412469      0.325  0.0732033
      0.42  0.0412469      0.325  0.0732033
      0.43  0.0412469      0.325  0.0732033
      0.44  0.0412469      0.325  0.0732033
      0.45  0.0412469      0.325  0.0732033
      0.46  0.0412469      0.325  0.0732033
      0.47  0.0412469      0.325  0.0732033
      0.48  0.0412469      0.325  0.0732033
      0.49  0.0412469      0.325  0.0732033
       0.5  0.0412469   0.324984  0.0732029
      0.51  0.0412469   0.324984  0.0732029
      0.52  0.0412469   0.324765  0.0731973
      0.53  0.0412469   0.324341  0.0731865
      0.54  0.0412469   0.324341  0.0731865
      0.55  0.0412469   0.324121  0.0731809
      0.56  0.0412469   0.324121  0.0731809
      0.57  0.0412469   0.324324  0.0731861
      0.58  0.0412469   0.324528  0.0731913
      0.59  0.0412469   0.323678  0.0731696
       0.6  0.0412469   0.322825  0.0731478
      0.61  0.0412469   0.321723  0.0731194
      0.62  0.0411177   0.321066  0.0728995
      0.63  0.0409024   0.317369  0.0724655
      0.64  0.0404719   0.311571  0.0716382
      0.65  0.0398261   0.299207  0.0702954
      0.66  0.0377164   0.285127  0.0666202
      0.67  0.0365108   0.280084  0.0646005
      0.68  0.0357789   0.277378  0.0633821
      0.69  0.0352622   0.276267  0.0625417
       0.7  0.0344442   0.275573  0.0612345
      0.71  0.0331525   0.270314  0.0590614
      0.72  0.0328081   0.270539  0.0585195
      0.73  0.0323775   0.273205   0.057894
      0.74  0.0317747   0.274401  0.0569544
      0.75  0.0306984   0.276367  0.0552587
      0.76  0.0297081   0.277268  0.0536661
      0.77  0.0291914   0.287257  0.0529972
      0.78  0.0288039   0.291295   0.052424
      0.79  0.0279859   0.281542  0.0509111
       0.8  0.0271248   0.279855  0.0494561
      0.81   0.026522   0.280813  0.0484665
      0.82  0.0232929   0.273775   0.042933
      0.83  0.0206234   0.270313   0.038323
      0.84  0.0198484    0.27451  0.0370201
      0.85   0.019504   0.277592  0.0364472
      0.86  0.0191165   0.286219  0.0358393
      0.87  0.0191165   0.296161  0.0359148
      0.88  0.0191165   0.318812  0.0360702
      0.89  0.0191165   0.340381  0.0361999
       0.9  0.0191165   0.368056  0.0363453
      0.91  0.0187721   0.375315  0.0357557
      0.92  0.0182123   0.385224  0.0347804
      0.93  0.0170068   0.408284  0.0326534
      0.94   0.015586   0.378378  0.0299387
      0.95 0.00925687   0.306604  0.0179712
      0.96 0.00654439   0.256684  0.0127634
      0.97 0.00322914   0.266667 0.00638101
      0.98 0.00176526   0.257143 0.00350645
      0.99 4.30552e-05  0.0454545 8.60289e-05
