         0          1   0.164811   0.282983
      0.01   0.927694    0.15672   0.268142
      0.02   0.927694   0.156976   0.268516
      0.03   0.927408   0.157715   0.269584
      0.04   0.927217   0.162871   0.277073
      0.05   0.921692   0.167389   0.283323
      0.06   0.903877   0.177724   0.297042
      0.07   0.890921    0.18852   0.311192
      0.08   0.866438    0.20778   0.335181
      0.09   0.842526   0.225497   0.355774
       0.1   0.808803   0.250992   0.383099
      0.11   0.744308    0.27141   0.397774
      0.12   0.711822   0.281173   0.403114
      0.13   0.653139   0.288423   0.400144
      0.14   0.632466   0.296679   0.403897
      0.15   0.567686   0.294041   0.387415
      0.16   0.508145   0.281261   0.362099
      0.17   0.403068   0.253949   0.311586
      0.18    0.36096   0.233551   0.283603
      0.19   0.291607   0.206136   0.241533
       0.2    0.24588    0.18626   0.211957
      0.21   0.191102   0.154012   0.170564
      0.22   0.136039   0.107081   0.119835
      0.23   0.100886  0.0849169  0.0922152
      0.24  0.0802134  0.0769231  0.0785338
      0.25  0.0769744  0.0747266  0.0758338
      0.26  0.0564923  0.0656442  0.0607254
      0.27   0.049919  0.0621921  0.0553838
      0.28  0.0337239  0.0534493  0.0413549
      0.29 0.00562065   0.048125  0.0100657
       0.3 0.00562065   0.048125  0.0100657
      0.31 0.00562065   0.048125  0.0100657
      0.32 0.00562065   0.048125  0.0100657
      0.33 0.00562065   0.048125  0.0100657
      0.34 0.00562065  0.0482154  0.0100677
      0.35 0.00562065  0.0482759   0.010069
      0.36 0.00562065  0.0482759   0.010069
      0.37 0.00562065  0.0483668   0.010071
      0.38 0.00562065  0.0483972  0.0100716
      0.39 0.00562065  0.0484277  0.0100723
       0.4 0.00562065  0.0486111  0.0100762
      0.41 0.00562065  0.0490758  0.0100861
      0.42 0.00562065   0.050065  0.0101067
      0.43 0.00523959  0.0467602 0.00942328
      0.44 0.00523959  0.0481762 0.00945127
      0.45 0.00523959  0.0490884 0.00946853
      0.46 0.00523959  0.0473458 0.00943504
      0.47 0.00523959  0.0465793  0.0094196
      0.48 0.00504906  0.0463032 0.00910525
      0.49 0.00504906  0.0473282 0.00912469
       0.5 0.00485853  0.0479183 0.00882253
      0.51   0.004668  0.0476569 0.00850312
      0.52   0.004668  0.0481541 0.00851096
      0.53 0.00457274  0.0480065  0.0083501
      0.54  0.0043822   0.047619 0.00802582
      0.55  0.0043822  0.0487805 0.00804196
      0.56  0.0043822  0.0494037 0.00805033
      0.57  0.0043822  0.0503036 0.00806208
      0.58  0.0043822  0.0514641 0.00807667
      0.59  0.0043822  0.0527273 0.00809189
       0.6  0.0043822   0.053211 0.00809753
      0.61  0.0043822  0.0542056 0.00810886
      0.62  0.0043822  0.0552908 0.00812078
      0.63  0.0043822  0.0559306  0.0081276
      0.64  0.0043822  0.0569745 0.00813844
      0.65  0.0043822  0.0565476 0.00813405
      0.66  0.0043822  0.0562249  0.0081307
      0.67  0.0043822  0.0558376 0.00812662
      0.68  0.0043822  0.0542231 0.00810905
      0.69 0.00428694  0.0519618 0.00792043
       0.7 0.00409641  0.0507166 0.00758053
      0.71 0.00314376    0.04811 0.00590185
      0.72 0.00314376  0.0494118 0.00591141
      0.73 0.00314376  0.0515971 0.00592642
      0.74 0.00314376  0.0518331 0.00592797
      0.75 0.00314376  0.0506667 0.00592018
      0.76 0.00266743  0.0479549 0.00505375
      0.77 0.00266743  0.0508982  0.0050692
      0.78 0.00266743  0.0532081 0.00508018
      0.79 0.00266743  0.0582192 0.00510114
       0.8 0.00266743  0.0650096 0.00512459
      0.81 0.00266743  0.0747253 0.00515099
      0.82 0.00266743  0.0841837 0.00517101
      0.83 0.00266743  0.0782609 0.00515902
      0.84 0.00209584  0.0810811 0.00408605
      0.85 0.00190531  0.0772532 0.00371889
      0.86 0.00114318  0.0541872 0.00223913
      0.87 0.000952653  0.0508475 0.00187027
      0.88 0.000762123  0.0440252 0.00149831
      0.89 0.000666857  0.0425532 0.00131314
       0.9 0.000381061  0.0186916 0.000746896
      0.91          0          0          0
      0.92          0          0          0
      0.93          0          0          0
      0.94          0          0          0
      0.95          0          0          0
      0.96          0          0          0
      0.97          0          0          0
      0.98          0          0          0
      0.99          0          0          0
