         0          1   0.317058   0.481463
      0.01   0.935729   0.327374   0.485048
      0.02   0.935729   0.327578   0.485273
      0.03   0.935337   0.328602   0.486343
      0.04   0.935043   0.332044   0.490062
      0.05   0.935043   0.337145   0.495595
      0.06   0.932302   0.348792   0.507659
      0.07   0.927603   0.359634   0.518316
      0.08   0.917666   0.374916   0.532342
      0.09   0.908659   0.385525   0.541362
       0.1   0.885261    0.39725   0.548408
      0.11   0.862989   0.407869   0.553935
      0.12   0.845318   0.413903   0.555708
      0.13   0.816878   0.424547   0.558717
      0.14   0.788781   0.432169   0.558396
      0.15   0.737971   0.437129    0.54904
      0.16   0.704685   0.438169   0.540351
      0.17   0.658182    0.44365   0.530031
      0.18   0.627343   0.445068   0.520715
      0.19   0.587841   0.445645   0.506961
       0.2    0.54687   0.447781    0.49239
      0.21   0.510304   0.444802   0.475307
      0.22   0.472955   0.438227   0.454929
      0.23   0.448676   0.429864   0.439069
      0.24   0.409026   0.412747   0.410878
      0.25   0.374761   0.400892   0.387387
      0.26   0.332224   0.387989   0.357948
      0.27   0.311322   0.378369   0.341587
      0.28    0.27598   0.362662   0.313438
      0.29   0.251603   0.350076   0.292781
       0.3   0.235107   0.338869   0.277609
      0.31   0.215625   0.332919   0.261731
      0.32   0.205737   0.327335   0.252667
      0.33   0.193157   0.318324   0.240425
      0.34   0.179891   0.309795   0.227613
      0.35   0.166381    0.29539   0.212865
      0.36   0.153948   0.286829   0.200359
      0.37   0.138871    0.26487    0.18221
      0.38   0.124872   0.244174   0.165239
      0.39  0.0873268   0.211679   0.123645
       0.4  0.0752851    0.20605   0.110278
      0.41  0.0702922   0.196169   0.103498
      0.42  0.0547261   0.179104  0.0838359
      0.43  0.0480689   0.173729  0.0753025
      0.44  0.0436634   0.166974  0.0692247
      0.45  0.0410691    0.16358  0.0656546
      0.46  0.0346566   0.156015  0.0567148
      0.47   0.031377   0.146777  0.0517016
      0.48  0.0150277   0.128495  0.0269084
      0.49  0.0121396   0.124073  0.0221154
       0.5  0.0120417   0.121024   0.021904
      0.51  0.0116501   0.119435  0.0212294
      0.52  0.0115033   0.115744  0.0209267
      0.53  0.0110138   0.114328   0.020092
      0.54   0.010818   0.113236  0.0197492
      0.55  0.0105732    0.11246  0.0193291
      0.56  0.0103774   0.109336  0.0189557
      0.57 0.00954525   0.100437  0.0174337
      0.58 0.00925155  0.0943739  0.0168512
      0.59 0.00846835  0.0862069  0.0154218
       0.6  0.0072446   0.077381  0.0132488
      0.61 0.00602085   0.071875   0.011111
      0.62 0.00582505  0.0727069   0.010786
      0.63 0.00543345  0.0694118   0.010078
      0.64 0.00513975    0.06399 0.00951523
      0.65  0.0045034  0.0576671 0.00835438
      0.66 0.00416075  0.0512465 0.00769661
      0.67   0.003916   0.049062 0.00725308
      0.68 0.00337755  0.0463679 0.00629645
      0.69 0.00337755  0.0452342 0.00628576
       0.7  0.0031328  0.0429553  0.0058397
      0.71  0.0026433  0.0394973   0.004955
      0.72  0.0021538  0.0355805 0.00406173
      0.73 0.00210485  0.0342052 0.00396567
      0.74 0.00161535  0.0254237  0.0030377
      0.75 0.00141955  0.0207373 0.00265721
      0.76 0.00141955  0.0194175 0.00264568
      0.77 0.00122375  0.0160428 0.00227404
      0.78  0.0011748  0.0142045 0.00217012
      0.79  0.0005874 0.00917431 0.00110411
       0.8  0.0005874   0.009375 0.00110553
      0.81  0.0005874   0.010274 0.00111127
      0.82  0.0005874  0.0119048 0.00111956
      0.83  0.0005874   0.012766 0.00112312
      0.84 0.00024475 0.00970874 0.000477464
      0.85 0.00024475  0.0106952 0.000478549
      0.86 0.00024475  0.0120482 0.000479754
      0.87 0.00024475  0.0131579 0.000480561
      0.88 0.00024475  0.0168067 0.000482474
      0.89   9.79e-05 0.00892857 0.000193676
       0.9   9.79e-05  0.0103093 0.000193958
      0.91          0          0          0
      0.92          0          0          0
      0.93          0          0          0
      0.94          0          0          0
      0.95          0          0          0
      0.96          0          0          0
      0.97          0          0          0
      0.98          0          0          0
      0.99          0          0          0
