         0          1    0.28722   0.446264
      0.01   0.917811   0.292826   0.443995
      0.02   0.917658   0.294722   0.446154
      0.03   0.914238   0.299207   0.450859
      0.04   0.906529   0.312137   0.464379
      0.05   0.895247   0.321039   0.472601
      0.06   0.858849   0.333094   0.480019
      0.07   0.842616    0.34142   0.485941
      0.08   0.812497   0.352121   0.491315
      0.09   0.795344   0.358596   0.494319
       0.1    0.76885    0.36416   0.494231
      0.11    0.74307   0.369304   0.493393
      0.12   0.729593   0.371751   0.492538
      0.13   0.684976   0.369235   0.479823
      0.14   0.669202   0.369323   0.475967
      0.15   0.638981   0.365385   0.464918
      0.16   0.613457   0.363866   0.456791
      0.17   0.583491   0.362621   0.447275
      0.18   0.565062   0.359791   0.439647
      0.19   0.537393   0.352713   0.425894
       0.2   0.516719    0.34622   0.414626
      0.21   0.459339   0.323794   0.379836
      0.22   0.404053   0.306441   0.348542
      0.23   0.373883   0.294521    0.32949
      0.24   0.333861   0.282006    0.30575
      0.25   0.314717   0.275508    0.29381
      0.26   0.277196   0.269286   0.273184
      0.27    0.24866   0.264417   0.256297
      0.28    0.21022    0.26224   0.233366
      0.29   0.189698   0.260947    0.21969
       0.3    0.16545   0.256218   0.201065
      0.31   0.146817   0.271389    0.19055
      0.32   0.132166   0.279817   0.179533
      0.33   0.116086   0.273553      0.163
      0.34   0.102404   0.262541   0.147339
      0.35  0.0678952    0.22583   0.104402
      0.36  0.0466588   0.196232  0.0753916
      0.37  0.0262903   0.185152  0.0460428
      0.38  0.0216958   0.184332  0.0388223
      0.39  0.0210833     0.1862  0.0378777
       0.4  0.0206238   0.185714  0.0371249
      0.41  0.0201133   0.187747  0.0363342
      0.42  0.0196028   0.188129   0.035506
      0.43  0.0196028   0.189549  0.0355311
      0.44  0.0191944   0.190976  0.0348829
      0.45  0.0191944   0.193376  0.0349225
      0.46  0.0190413    0.20316  0.0348192
      0.47  0.0190413   0.209357  0.0349077
      0.48  0.0189392   0.209938   0.034744
      0.49  0.0182756   0.207077  0.0335869
       0.5  0.0170504    0.21875   0.031635
      0.51  0.0158763   0.218798  0.0296044
      0.52  0.0158763   0.220155  0.0296167
      0.53  0.0158763   0.220312  0.0296182
      0.54  0.0158763    0.22082  0.0296227
      0.55  0.0158763   0.217806  0.0295953
      0.56  0.0158763   0.217806  0.0295953
      0.57  0.0158763   0.217042  0.0295882
      0.58  0.0158763   0.216828  0.0295862
      0.59  0.0158252    0.21626  0.0294923
       0.6  0.0157742   0.216172  0.0294028
      0.61  0.0154679   0.205387  0.0287691
      0.62  0.0137832   0.199319  0.0257835
      0.63   0.013477   0.196891  0.0252271
      0.64  0.0131196   0.195079  0.0245858
      0.65  0.0127112   0.188172  0.0238138
      0.66   0.011435   0.176796  0.0214806
      0.67 0.00975037    0.17603  0.0184773
      0.68 0.00975037   0.180422  0.0185009
      0.69 0.00954617   0.179337  0.0181274
       0.7 0.00923988   0.177419   0.017565
      0.71 0.00903568    0.17732  0.0171952
      0.72 0.00903568   0.179916  0.0172072
      0.73 0.00862729   0.180617   0.016468
      0.74   0.008321   0.182648  0.0159169
      0.75 0.00755526   0.189655  0.0145316
      0.76 0.00714687   0.193717  0.0137852
      0.77 0.00658533    0.19883  0.0127484
      0.78 0.00638113   0.210526  0.0123868
      0.79 0.00627903   0.219081  0.0122082
       0.8 0.00607484   0.225564   0.011831
      0.81 0.00607484   0.231076  0.0118385
      0.82 0.00581959    0.24424  0.0113683
      0.83 0.00546225   0.241379  0.0106828
      0.84 0.00362448   0.241573 0.00714181
      0.85 0.00311399   0.253012 0.00615226
      0.86 0.00311399   0.216216 0.00613956
      0.87 0.00168462   0.166667 0.00333552
      0.88 0.00163357   0.159091 0.00323393
      0.89 0.00158252   0.150794 0.00313217
       0.9 0.00148042   0.144068 0.00293073
      0.91 0.00137832   0.127273 0.00272712
      0.92 0.00117413   0.106796 0.00232272
      0.93 0.000867834  0.0909091 0.00171926
      0.94 0.000765736  0.0879121 0.00151825
      0.95 0.000714687   0.101449 0.00141937
      0.96 0.000663638    0.12766 0.00132041
      0.97 0.000612589   0.416667 0.00122338
      0.98 0.000612589   0.454545 0.00122353
      0.99 0.000357343   0.428571 0.000714091
