         0          1   0.273534   0.429567
      0.01   0.968437   0.315674   0.476144
      0.02    0.96834   0.321866   0.483141
      0.03    0.96834   0.333357   0.495973
      0.04   0.967953   0.355616   0.520138
      0.05   0.965242   0.374949   0.540097
      0.06   0.959094   0.401787   0.566326
      0.07   0.951639   0.417332   0.580216
      0.08   0.943167   0.439483   0.599581
      0.09   0.939149   0.451477   0.609803
       0.1   0.928499    0.46702   0.621457
      0.11   0.913056   0.480626   0.629754
      0.12    0.89679    0.48687   0.631109
      0.13   0.872489   0.495699   0.632211
      0.14   0.858692   0.502472    0.63397
      0.15   0.829743   0.507551   0.629835
      0.16   0.801278   0.504976   0.619521
      0.17     0.7458   0.501922   0.600027
      0.18    0.71051   0.498234   0.585732
      0.19   0.631408   0.487014    0.54989
       0.2   0.574962   0.471409   0.518062
      0.21   0.461732   0.447892   0.454707
      0.22   0.383357   0.445954   0.412293
      0.23   0.363848   0.451593   0.402999
      0.24   0.355231   0.471291   0.405112
      0.25   0.349712   0.478246   0.404002
      0.26   0.335237    0.48919   0.397839
      0.27   0.333156    0.49811   0.399266
      0.28    0.32725   0.507899   0.398036
      0.29   0.324829    0.51249    0.39763
       0.3   0.314809   0.511782   0.389826
      0.31   0.306337   0.507418   0.382034
      0.32   0.296558   0.498916   0.371999
      0.33   0.279373   0.483755   0.354195
      0.34    0.25328   0.460664   0.326852
      0.35   0.191073   0.394133   0.257374
      0.36   0.153798   0.358116   0.215182
      0.37    0.11202   0.311506   0.164783
      0.38   0.101467   0.299499    0.15158
      0.39  0.0811347   0.264338    0.12416
       0.4   0.061432   0.235254  0.0974236
      0.41  0.0441497   0.190545  0.0716889
      0.42  0.0429394   0.185808  0.0697581
      0.43  0.0424553   0.183358  0.0689466
      0.44  0.0416324   0.179449   0.067585
      0.45  0.0406642   0.177091  0.0661409
      0.46  0.0383405   0.172414  0.0627312
      0.47  0.0370819   0.169899  0.0608769
      0.48  0.0349518   0.167883  0.0578581
      0.49  0.0302077   0.160504  0.0508459
       0.5  0.0242533   0.159753  0.0421131
      0.51  0.0225105    0.15978  0.0394615
      0.52  0.0217844   0.159555  0.0383348
      0.53  0.0200416   0.159199  0.0356014
      0.54  0.0179116   0.158203  0.0321798
      0.55  0.0165077   0.159162   0.029913
      0.56  0.0155879    0.15873  0.0283881
      0.57  0.0120056   0.144536  0.0221697
      0.58  0.0103113   0.136476  0.0191739
      0.59 0.00890739   0.136929  0.0167267
       0.6 0.00813284   0.155483  0.0154572
      0.61 0.00789079   0.158537  0.0150333
      0.62 0.00769715   0.170498  0.0147293
      0.63 0.00769715   0.177778  0.0147554
      0.64 0.00769715   0.180873  0.0147659
      0.65 0.00769715    0.18319  0.0147736
      0.66 0.00769715   0.190476  0.0147964
      0.67 0.00730987   0.191142  0.0140812
      0.68 0.00730987   0.208226  0.0141239
      0.69 0.00730987   0.217033  0.0141434
       0.7 0.00629327    0.22291  0.0122409
      0.71 0.00600281   0.230508  0.0117009
      0.72 0.00600281   0.237918  0.0117102
      0.73 0.00532507   0.228571  0.0104077
      0.74 0.00488938   0.210526 0.00955681
      0.75 0.00421165   0.208531 0.00825654
      0.76 0.00421165   0.208955 0.00825687
      0.77  0.0039696   0.217391 0.00779683
      0.78  0.0039696   0.213483 0.00779427
      0.79 0.00377596    0.20122 0.00741282
       0.8 0.00377596   0.213333 0.00742058
      0.81 0.00363073   0.224638 0.00714596
      0.82 0.00343709   0.211382  0.0067642
      0.83 0.00319504   0.211864 0.00629515
      0.84 0.00280776   0.201754 0.00553845
      0.85 0.00237208   0.190909 0.00468593
      0.86 0.00183957    0.12766 0.00362688
      0.87 0.00145229  0.0853659   0.002856
      0.88 0.00116183   0.109091 0.00229918
      0.89 0.00116183    0.12766 0.00230271
       0.9 0.000774556   0.117647 0.00153898
      0.91 0.000774556   0.117647 0.00153898
      0.92 0.000774556  0.0909091 0.00153602
      0.93 0.000580917     0.0625 0.00115113
      0.94 0.000193639  0.0322581 0.000384967
      0.95 0.000193639  0.0333333 0.000385041
      0.96          0          0          0
      0.97          0          0          0
      0.98          0          0          0
      0.99          0          0          0
