         0          1   0.279386    0.43675
      0.01   0.930874   0.293722   0.446544
      0.02   0.930379   0.302106   0.456108
      0.03   0.929371   0.309235   0.464061
      0.04   0.926264   0.321018   0.476793
      0.05   0.922963   0.329421   0.485543
      0.06   0.912496    0.34299   0.498575
      0.07   0.902629   0.352083   0.506571
      0.08   0.883188   0.365324   0.516855
      0.09   0.868321    0.37499   0.523781
       0.1   0.842583   0.388602   0.531893
      0.11   0.813004   0.401309   0.537367
      0.12   0.792902   0.409431   0.540015
      0.13   0.760276   0.421295   0.542161
      0.14   0.737342   0.428759   0.542221
      0.15   0.701308   0.437861   0.539122
      0.16   0.675598   0.442491   0.534745
      0.17   0.636291   0.446864   0.525014
      0.18   0.609467   0.448861   0.516978
      0.19   0.569356   0.449335   0.502275
       0.2    0.54279    0.44909   0.491514
      0.21   0.501232   0.446185   0.472109
      0.22    0.46095   0.441719   0.451129
      0.23   0.435315   0.438673   0.436988
      0.24   0.399941   0.432428    0.41555
      0.25   0.377543   0.427314    0.40089
      0.26   0.343165   0.418091   0.376941
      0.27   0.320934   0.409833   0.359976
      0.28   0.288186   0.396765    0.33387
      0.29   0.267401   0.387539   0.316451
       0.3   0.240615   0.373114   0.292562
      0.31   0.215502    0.35996   0.269599
      0.32   0.200441   0.350648   0.255074
      0.33   0.178758   0.334241   0.232937
      0.34   0.164778   0.323333   0.218303
      0.35   0.143841   0.305049   0.195498
      0.36   0.130521   0.292244    0.18045
      0.37   0.112039   0.275043    0.15922
      0.38   0.100949   0.264062   0.146061
      0.39  0.0857202   0.245964   0.127133
       0.4  0.0765444   0.236886   0.115702
      0.41  0.0663018   0.222588    0.10217
      0.42  0.0583099    0.21066  0.0913379
      0.43  0.0542448   0.205769  0.0858563
      0.44  0.0498217   0.200387  0.0798024
      0.45  0.0471235   0.197551  0.0760954
      0.46  0.0434022   0.192992   0.070867
      0.47  0.0414861    0.19077  0.0681515
      0.48  0.0391062   0.187182   0.064696
      0.49  0.0375745   0.183842  0.0623962
       0.5   0.035333   0.179566  0.0590473
      0.51  0.0332674   0.175827  0.0559489
      0.52  0.0319686   0.173231  0.0539763
      0.53  0.0299315   0.168981   0.050855
      0.54  0.0286856   0.166713  0.0489488
      0.55  0.0265254   0.162439  0.0456039
      0.56  0.0250771   0.160324  0.0433705
      0.57  0.0232882   0.156891  0.0405564
      0.58  0.0223596   0.154514   0.039066
      0.59  0.0208107   0.151358  0.0365904
       0.6    0.01946   0.149622  0.0344407
      0.61  0.0180504   0.146576  0.0321426
      0.62  0.0168645   0.144743  0.0302093
      0.63  0.0158221   0.143299  0.0284976
      0.64  0.0145823   0.140195  0.0264169
      0.65  0.0135053   0.137022  0.0245872
      0.66  0.0120895   0.131962  0.0221499
      0.67  0.0114224   0.130811  0.0210101
      0.68  0.0105752   0.128497  0.0195421
      0.69 0.00999038   0.127095  0.0185246
       0.7 0.00943508   0.124209  0.0175379
      0.71 0.00852991   0.119696   0.015925
      0.72 0.00811089   0.118646  0.0151838
      0.73 0.00736337   0.116159  0.0138488
      0.74  0.0069118   0.115553  0.0130434
      0.75  0.0065599   0.114798  0.0124106
      0.76  0.0063209   0.114041  0.0119779
      0.77 0.00585205   0.113198  0.0111288
      0.78 0.00560389    0.11274  0.0106771
      0.79 0.00525708   0.110456  0.0100365
       0.8 0.00502824   0.108548 0.00961127
      0.81 0.00477297    0.10711  0.0091387
      0.82  0.0043275   0.104416 0.00831058
      0.83 0.00406002   0.102145 0.00780963
      0.84 0.00375796   0.101054 0.00724644
      0.85 0.00347421  0.0994409 0.00671385
      0.86 0.00313655  0.0967158 0.00607605
      0.87 0.00288229  0.0945779  0.0055941
      0.88 0.00264735    0.09569 0.00515217
      0.89 0.00247751  0.0967637 0.00483132
       0.9 0.00226596   0.100696 0.00443219
      0.91 0.00198526  0.0983394 0.00389195
      0.92 0.00183067  0.0984789 0.00359452
      0.93 0.00154183  0.0942565 0.00303403
      0.94 0.00129164  0.0867267 0.00254537
      0.95 0.000908216  0.0684614 0.00179265
      0.96 0.000650905  0.0550978 0.00128661
      0.97 0.000407833  0.0453636 0.000808398
      0.98 0.000290873  0.0357853 0.000577056
      0.99 0.000142386  0.0260014 0.00028322
