    119082       0.15   0.778594   0.641009   0.703134
     58060          0          1   0.374026   0.544424
     42049       0.16   0.942935   0.634017   0.758218
     24077       0.05   0.940585   0.530619   0.678481
     78004       0.11   0.846247   0.604293   0.705091
     45096       0.11   0.859894   0.482865   0.618447
     38092       0.15   0.777484   0.560442   0.651358
     43074    0.17303   0.748342   0.439071    0.55343
     16077       0.12   0.723791   0.405278   0.519608
     86000       0.12    0.89673   0.442018   0.592152
    101085       0.15   0.764625   0.649555   0.702409
     89072  0.0933333   0.786513   0.360451   0.494347
    126007       0.13   0.908517   0.520145   0.661543
     76053       0.07    0.86973   0.477829   0.616792
     86016       0.08   0.725222   0.508291   0.597681
    103070       0.11    0.80356   0.401397   0.535366
      8023        0.1   0.902092   0.144841   0.249606
     41033       0.13   0.754446    0.45278   0.565922
    109053       0.11   0.821898   0.318696   0.459296
    130026       0.16   0.528544   0.278963   0.365184
    108082       0.19   0.667331   0.193913   0.300506
     69040          0          1   0.319512   0.484288
     14037       0.13   0.615982    0.56947   0.591814
     54082       0.06   0.887664   0.546241   0.676305
     62096       0.32   0.605774    0.55081   0.576986
     12084       0.12   0.896714   0.280338    0.42714
     69015       0.14   0.794778    0.76431   0.779246
     97033       0.14   0.858692   0.502472    0.63397
     19021       0.18    0.81759   0.583039   0.680676
     86068       0.14   0.632466   0.296679   0.403897
      3096       0.07   0.798991    0.40744   0.539676
     41069       0.14    0.71947   0.403366   0.516923
     21077       0.11   0.804295   0.499169   0.616019
    108070          0          1   0.230724    0.37494
    123074       0.15   0.593162   0.248427   0.350189
     38082   0.131414   0.861872   0.424031    0.56841
     33039       0.21    0.69708   0.413894   0.519395
    108005       0.18   0.766047   0.364708   0.494154
    106024       0.09   0.807718   0.405252   0.539715
    102061       0.12   0.802839   0.299377   0.436124
     37073       0.09   0.885852   0.640271   0.743303
     65033       0.13   0.851372    0.46003    0.59731
     55073        0.1   0.776172     0.4555   0.574091
     66053   0.180909   0.717268   0.483597   0.577698
     85048       0.15   0.751499   0.572869   0.650137
     42012       0.05   0.917192   0.419808   0.575983
     87046   0.130404   0.815743   0.424855   0.558718
    105025       0.14   0.663571   0.398835   0.498219
    101087  0.0955556   0.850088   0.601483   0.704497
     69020       0.19   0.756201   0.465629   0.576363
