         0          1   0.295659   0.456384
      0.01   0.999531   0.283594    0.44183
      0.02   0.999453   0.284065   0.442393
      0.03   0.999453   0.284948   0.443463
      0.04   0.999179   0.286971   0.445881
      0.05   0.999022   0.289403   0.448796
      0.06   0.998749   0.294044   0.454329
      0.07    0.99867   0.298282   0.459362
      0.08   0.997693   0.305026   0.467211
      0.09   0.997106   0.310356   0.473372
       0.1   0.994564   0.316318    0.47998
      0.11   0.993196   0.325207   0.489978
      0.12   0.989598   0.330289   0.495275
      0.13   0.984514   0.336377   0.501431
      0.14   0.978257   0.340507   0.505175
      0.15   0.968481   0.345831   0.509668
      0.16   0.958979   0.348105   0.510794
      0.17   0.945214   0.353906   0.514989
      0.18   0.936884   0.356861   0.516852
      0.19   0.917723   0.361564   0.518751
       0.2   0.902628   0.364442   0.519238
      0.21   0.878265   0.366608   0.517288
      0.22   0.858243   0.371379   0.518425
      0.23   0.835015   0.374628    0.51721
      0.24   0.805178   0.379734   0.516077
      0.25   0.789614   0.384212   0.516907
      0.26   0.752503   0.392169   0.515621
      0.27   0.728883   0.398125   0.514968
      0.28    0.70542   0.407867   0.516879
      0.29   0.680705   0.414112   0.514951
       0.3   0.648639   0.422812   0.511927
      0.31   0.618411   0.435553   0.511119
      0.32   0.599015    0.44604   0.511331
      0.33   0.568239   0.454766   0.505209
      0.34   0.552636   0.464706   0.504871
      0.35   0.517871   0.477088   0.496644
      0.36    0.50219   0.488065   0.495027
      0.37    0.46942   0.502672   0.485477
      0.38   0.458157   0.515121   0.484972
      0.39   0.421046   0.532592   0.470296
       0.4    0.40474   0.543838    0.46409
      0.41   0.381237   0.569827   0.456834
      0.42   0.352221   0.598936   0.443582
      0.43   0.332669   0.617765   0.432457
      0.44   0.304904   0.646254   0.414327
      0.45   0.296144   0.662937   0.409402
      0.46   0.278117   0.691765   0.396732
      0.47   0.269944   0.710864   0.391296
      0.48   0.250352   0.735521   0.373555
      0.49   0.237056   0.745816   0.359762
       0.5   0.214923   0.766467    0.33571
      0.51   0.204169   0.790945   0.324558
      0.52   0.196035    0.82055   0.316464
      0.53   0.181057   0.841244   0.297981
      0.54   0.176052   0.859431   0.292239
      0.55   0.160371   0.866267   0.270639
      0.56   0.153997   0.877119   0.261994
      0.57   0.140975   0.888889   0.243354
      0.58   0.130416   0.888325   0.227441
      0.59   0.119819   0.888889   0.211172
       0.6   0.117746    0.89645   0.208152
      0.61   0.107852   0.912162   0.192897
      0.62  0.0975285   0.915709   0.176282
      0.63  0.0935398   0.919028   0.169797
      0.64  0.0834506   0.930556   0.153166
      0.65  0.0823166      0.935   0.151312
      0.66  0.0705459   0.933333   0.131177
      0.67   0.068708   0.941558    0.12807
      0.68  0.0572501       0.96   0.108056
      0.69  0.0542781   0.963964    0.10277
       0.7  0.0436415   0.965909  0.0835098
      0.71  0.0380885   0.971014  0.0733018
      0.72  0.0323792   0.966102  0.0626583
      0.73  0.0252229   0.956522  0.0491498
      0.74  0.0183404   0.974359  0.0360031
      0.75  0.0149773   0.967742  0.0294981
      0.76  0.0120835          1  0.0238785
      0.77  0.0120835          1  0.0238785
      0.78 0.00958079          1  0.0189797
      0.79 0.00915063          1  0.0181353
       0.8 0.00895511          1  0.0177512
      0.81 0.00770374          1  0.0152897
      0.82 0.00406695          1 0.00810095
      0.83 0.00406695          1 0.00810095
      0.84 0.00406695          1 0.00810095
      0.85 0.00406695          1 0.00810095
      0.86 0.00406695          1 0.00810095
      0.87 0.00406695          1 0.00810095
      0.88 0.00383232          1 0.00763537
      0.89 0.00375411          1 0.00748013
       0.9 0.00316753          1 0.00631505
      0.91 0.00316753          1 0.00631505
      0.92 0.00316753          1 0.00631505
      0.93   0.002972          1 0.00592639
      0.94   0.002972          1 0.00592639
      0.95   0.002972          1 0.00592639
      0.96   0.002972          1 0.00592639
      0.97   0.002972          1 0.00592639
      0.98 0.00226811          1 0.00452595
      0.99 0.00226811          1 0.00452595
