         0          1   0.296598   0.457502
      0.01   0.998368   0.352284   0.520799
      0.02   0.996855   0.369386   0.539033
      0.03   0.995462   0.379377   0.549381
      0.04   0.993471   0.432861   0.602994
      0.05   0.990366   0.466477   0.634225
      0.06   0.986863   0.494135   0.658533
      0.07   0.983639   0.508963   0.670823
      0.08   0.978662   0.531722   0.689064
      0.09   0.976035    0.54726   0.701302
       0.1   0.964053   0.567711   0.714605
      0.11   0.956608   0.587179   0.727692
      0.12   0.949881   0.598792    0.73454
      0.13   0.939729   0.618072   0.745692
      0.14    0.93121   0.628181   0.750253
      0.15   0.917795   0.642939   0.756165
      0.16   0.910589   0.653509   0.760922
      0.17   0.892914   0.665829    0.76283
      0.18   0.874522   0.675272   0.762088
      0.19   0.850199   0.689118   0.761231
       0.2   0.837062   0.695889   0.759975
      0.21   0.806091   0.708612   0.754215
      0.22    0.76676   0.719759   0.742516
      0.23   0.747452    0.72938   0.738305
      0.24   0.713893   0.740072   0.726747
      0.25   0.696377   0.749776   0.722091
      0.26   0.662221   0.764089   0.709518
      0.27   0.635908    0.77303   0.697796
      0.28   0.598686   0.784161   0.678985
      0.29   0.583639   0.792748   0.672309
       0.3   0.554459     0.8117   0.658861
      0.31   0.511823   0.821159   0.630598
      0.32   0.489849    0.82246   0.614003
      0.33   0.456807    0.82377    0.58771
      0.34   0.435629   0.828931   0.571118
      0.35   0.409236   0.825342   0.547166
      0.36   0.387699   0.825523   0.527611
      0.37   0.366361   0.829969   0.508336
      0.38   0.356051   0.828502    0.49806
      0.39   0.337102   0.827855    0.47911
       0.4   0.323049   0.825068   0.464304
      0.41   0.313296   0.824038   0.453988
      0.42   0.299482   0.820619   0.438819
      0.43   0.284594   0.816979   0.422137
      0.44   0.257723   0.807101   0.390691
      0.45   0.250637   0.802974   0.382029
      0.46   0.235072   0.797101   0.363071
      0.47   0.231489   0.796221   0.358693
      0.48   0.216799   0.789174   0.340153
      0.49   0.209236   0.783383   0.330261
       0.5   0.199363    0.77619   0.317243
      0.51   0.191361   0.766387   0.306254
      0.52   0.178344    0.75485   0.288521
      0.53     0.1666   0.741996   0.272105
      0.54   0.161664   0.733463   0.264934
      0.55   0.148527   0.718487   0.246166
      0.56    0.13953   0.703371   0.232866
      0.57   0.133081   0.687943    0.22302
      0.58   0.125597   0.673267   0.211702
      0.59   0.118432    0.65873   0.200768
       0.6   0.113177   0.642254   0.192442
      0.61  0.0990048   0.625749    0.17096
      0.62  0.0905653   0.604502    0.15753
      0.63  0.0818073   0.594684   0.143829
      0.64  0.0705016   0.573944   0.125578
      0.65  0.0701433   0.561594    0.12471
      0.66  0.0657245    0.53668   0.117107
      0.67  0.0642516   0.529644   0.114601
      0.68  0.0612659   0.502128   0.109207
      0.69   0.059992   0.481982   0.106703
       0.7  0.0498408      0.425  0.0892186
      0.71  0.0412022   0.373626  0.0742198
      0.72  0.0333997   0.329268  0.0606475
      0.73  0.0226115   0.268966  0.0417159
      0.74   0.018949   0.220588  0.0349001
      0.75  0.0121815       0.15  0.0225331
      0.76 0.00895701   0.121739  0.0166863
      0.77 0.00270701  0.0309278 0.00497828
      0.78          0          0          0
      0.79          0          0          0
       0.8          0          0          0
      0.81          0          0          0
      0.82          0          0          0
      0.83          0          0          0
      0.84          0          0          0
      0.85          0          0          0
      0.86          0          0          0
      0.87          0          0          0
      0.88          0          0          0
      0.89          0          0          0
       0.9          0          0          0
      0.91          0          0          0
      0.92          0          0          0
      0.93          0          0          0
      0.94          0          0          0
      0.95          0          0          0
      0.96          0          0          0
      0.97          0          0          0
      0.98          0          0          0
      0.99          0          0          0
