         0          1   0.168956   0.289072
      0.01   0.998113   0.173632   0.295806
      0.02   0.998113   0.177242   0.301028
      0.03   0.998113    0.18186   0.307662
      0.04   0.997292   0.201963   0.335902
      0.05   0.995405   0.224106   0.365845
      0.06   0.992123   0.244488   0.392301
      0.07   0.985395   0.251274   0.400437
      0.08   0.977765   0.262181   0.413488
      0.09   0.967919   0.269606    0.42174
       0.1   0.956925   0.279613   0.432771
      0.11   0.935756   0.287822   0.440235
      0.12   0.926977   0.294385   0.446858
      0.13   0.916311   0.301334   0.453524
      0.14   0.912865   0.305685   0.458002
      0.15   0.903101   0.313098   0.464988
      0.16   0.887512   0.317434   0.467617
      0.17    0.88062   0.323604   0.473288
      0.18   0.864539   0.324106   0.471465
      0.19   0.849278    0.33093   0.476275
       0.2   0.842714   0.333676   0.478062
      0.21   0.817115   0.335768   0.475956
      0.22   0.797013   0.338555   0.475239
      0.23   0.788234    0.34172   0.476754
      0.24   0.766656   0.342795   0.473758
      0.25   0.749754   0.343503   0.471147
      0.26   0.734329   0.342903   0.467501
      0.27   0.715868    0.33963   0.460693
      0.28   0.699869   0.339017   0.456773
      0.29   0.676895   0.338736    0.45152
       0.3   0.651953   0.336816   0.444165
      0.31   0.624385   0.329618   0.431463
      0.32   0.606498   0.328995   0.426587
      0.33   0.579586   0.321662   0.413717
      0.34   0.561618   0.319414   0.407224
      0.35   0.540942   0.318047   0.400575
      0.36   0.520184   0.314305   0.391848
      0.37   0.486216   0.306905   0.376291
      0.38   0.459797   0.305013   0.366742
      0.39     0.4415   0.303448   0.359682
       0.4   0.427141   0.294839   0.348868
      0.41    0.38784     0.2892   0.331335
      0.42   0.370036   0.290138   0.325252
      0.43   0.365441   0.289604   0.323133
      0.44   0.345422    0.29171   0.316302
      0.45   0.334591   0.289546   0.310443
      0.46   0.322448   0.287608   0.304033
      0.47   0.304972   0.282282   0.293189
      0.48   0.296357   0.275575   0.285589
      0.49   0.277896   0.270306   0.274049
       0.5   0.262389   0.265592   0.263981
      0.51   0.238841   0.256525   0.247368
      0.52   0.228996   0.246106   0.237243
      0.53   0.209222   0.234517   0.221149
      0.54   0.202002   0.230835   0.215458
      0.55   0.166229    0.22202   0.190116
      0.56   0.165737   0.227186   0.191656
      0.57   0.156137   0.226453   0.184833
      0.58   0.149409   0.228125   0.180561
      0.59   0.147194   0.231533   0.179973
       0.6   0.146045   0.232184   0.179306
      0.61   0.142435   0.231047   0.176229
      0.62   0.136938   0.234395   0.172878
      0.63   0.133328   0.229333   0.168623
      0.64   0.128077   0.221902   0.162413
      0.65   0.125862   0.216741   0.159248
      0.66     0.1138   0.197092   0.144289
      0.67    0.10215   0.188356   0.132462
      0.68  0.0917296   0.185321   0.122717
      0.69  0.0859042   0.173653   0.114946
       0.7  0.0691664   0.155251  0.0956981
      0.71  0.0543978   0.142494  0.0787372
      0.72  0.0475878   0.142466  0.0713444
      0.73  0.0407778   0.142857  0.0634455
      0.74  0.0402855   0.147766  0.0633107
      0.75  0.0353627   0.139442  0.0564177
      0.76  0.0319166   0.138393  0.0518707
      0.77  0.0301936   0.142077  0.0498032
      0.78  0.0283065     0.1375  0.0469481
      0.79  0.0212504   0.133858  0.0366781
       0.8  0.0097637   0.115385  0.0180039
      0.81  0.0097637   0.166667  0.0184468
      0.82 0.00385625   0.173077 0.00754441
      0.83 0.00385625   0.162791 0.00753403
      0.84 0.00278963   0.166667 0.00548741
      0.85 0.00278963   0.214286 0.00550756
      0.86 0.00221529        0.2 0.00438205
      0.87 0.00221529        0.2 0.00438205
      0.88 0.00180505   0.153846 0.00356824
      0.89 0.00180505   0.181818 0.00357462
       0.9          0          0          0
      0.91          0          0          0
      0.92          0          0          0
      0.93          0          0          0
      0.94          0          0          0
      0.95          0          0          0
      0.96          0          0          0
      0.97          0          0          0
      0.98          0          0          0
      0.99          0          0          0
