         0          1   0.337394   0.504555
      0.01   0.990244   0.324231   0.488511
      0.02    0.99003   0.325579   0.490013
      0.03   0.989089   0.326995     0.4915
      0.04   0.987934   0.329087   0.493714
      0.05   0.987378   0.330779   0.495547
      0.06   0.986479   0.334367   0.499447
      0.07   0.984126   0.336917   0.501981
      0.08   0.980403   0.342161   0.507281
      0.09   0.977408   0.346357   0.511469
       0.1   0.968893   0.353852   0.518384
      0.11    0.95871    0.36265    0.52624
      0.12   0.945959    0.36772   0.529578
      0.13   0.925164   0.376528   0.535227
      0.14   0.911514   0.381223   0.537604
      0.15   0.892302     0.3889   0.541705
      0.16   0.878054   0.392455   0.542454
      0.17   0.850028   0.398788   0.542884
      0.18    0.82949   0.405075    0.54433
      0.19   0.806598   0.414504     0.5476
       0.2   0.785161   0.422957   0.549763
      0.21   0.760344   0.437542   0.555449
      0.22   0.741047   0.454646   0.563546
      0.23   0.724488   0.461977   0.564191
      0.24   0.697788   0.475775   0.565782
      0.25   0.681357   0.484025   0.565984
      0.26   0.635874   0.498842   0.559083
      0.27   0.618887   0.507634   0.557767
      0.28   0.588978      0.525   0.555152
      0.29   0.563433   0.536123   0.549439
       0.3   0.540328   0.555244   0.547684
      0.31   0.508964   0.570861   0.538138
      0.32    0.49309   0.587413   0.536134
      0.33    0.45565   0.603761   0.519352
      0.34   0.427068   0.609906   0.502368
      0.35   0.404904   0.626458   0.491884
      0.36   0.385734   0.641965   0.481907
      0.37   0.365838   0.663801   0.471706
      0.38   0.353558   0.675799   0.464239
      0.39   0.337812   0.695196   0.454683
       0.4   0.329725   0.708016   0.449921
      0.41    0.31492   0.721584   0.438476
      0.42   0.306491   0.738311   0.433165
      0.43   0.301314   0.755178   0.430757
      0.44     0.2833   0.765323   0.413525
      0.45   0.278465   0.777215   0.410024
      0.46   0.273501    0.79633   0.407162
      0.47   0.264815   0.801572   0.398108
      0.48   0.252792   0.813034    0.38567
      0.49   0.245989   0.822999   0.378767
       0.5   0.232125   0.830467   0.362834
      0.51   0.221985   0.845443    0.35164
      0.52   0.213684    0.85654   0.342038
      0.53   0.207479   0.871988   0.335201
      0.54   0.201917    0.87224   0.327922
      0.55   0.189936   0.883478   0.312656
      0.56   0.177185   0.888483   0.295451
      0.57   0.167344   0.904472   0.282433
      0.58   0.164905   0.906977    0.27907
      0.59   0.155706   0.923963   0.266501
       0.6   0.148218   0.930348   0.255699
      0.61   0.138719   0.939394    0.24174
      0.62   0.126524   0.957055   0.223501
      0.63   0.113987   0.960656   0.203794
      0.64   0.108553   0.962457   0.195102
      0.65   0.105173   0.967391    0.18972
      0.66  0.0987121    0.96371   0.179081
      0.67  0.0925078   0.960526   0.168762
      0.68   0.086218   0.956098   0.158172
      0.69  0.0818536   0.958333   0.150825
       0.7  0.0764623   0.953757   0.141575
      0.71  0.0682898   0.948387   0.127406
      0.72    0.06461   0.952055   0.121008
      0.73  0.0557101   0.943548   0.105208
      0.74  0.0545548   0.956522   0.103222
      0.75  0.0513885       0.96  0.0975549
      0.76  0.0493346   0.966667  0.0938781
      0.77  0.0438578   0.974026  0.0839361
      0.78  0.0402208          1  0.0773312
      0.79   0.033118          1  0.0641127
       0.8  0.0308502          1  0.0598539
      0.81  0.0168157          1  0.0330752
      0.82  0.0139489          1   0.027514
      0.83  0.0118095          1  0.0233433
      0.84  0.0116811          1  0.0230925
      0.85  0.0112105          1  0.0221724
      0.86  0.0107398          1  0.0212514
      0.87  0.0101408          1  0.0200779
      0.88 0.00971289          1  0.0192389
      0.89 0.00937059          1  0.0185672
       0.9 0.00907107          1  0.0179791
      0.91 0.00817252          1  0.0162125
      0.92 0.00765906          1  0.0152017
      0.93 0.00731676          1  0.0145272
      0.94 0.00376535          1 0.00750245
      0.95 0.00136922          1 0.00273469
      0.96 0.00136922          1 0.00273469
      0.97 0.00136922          1 0.00273469
      0.98 0.00136922          1 0.00273469
      0.99 0.00115528          1 0.00230789
