         0          1   0.223995   0.366006
      0.01   0.996195   0.227176    0.36998
      0.02   0.994841   0.229847    0.37342
      0.03   0.994132   0.232168   0.376426
      0.04   0.992971   0.233385    0.37794
      0.05   0.992262   0.234136   0.378872
      0.06   0.991165    0.23556   0.380654
      0.07   0.990649    0.23651   0.381855
      0.08   0.989553   0.238482   0.384339
      0.09   0.988457   0.240344   0.386669
       0.1   0.984846   0.242757   0.389504
      0.11   0.981428   0.246079   0.393495
      0.12   0.978784   0.248043   0.395786
      0.13   0.972722    0.25136   0.399488
      0.14   0.969433   0.254279   0.402883
      0.15   0.963242   0.260096   0.409593
      0.16   0.960534   0.264695   0.415022
      0.17   0.953505   0.270989   0.422035
      0.18   0.949442    0.27455   0.425934
      0.19   0.936029   0.280925   0.432151
       0.2   0.930934   0.285949   0.437511
      0.21   0.916941   0.294126   0.445386
      0.22   0.907784   0.303557   0.454974
      0.23   0.896756   0.310094   0.460834
      0.24    0.88186   0.318877   0.468387
      0.25   0.866705   0.326306   0.474113
      0.26   0.856774   0.336984   0.483714
      0.27   0.848004   0.343958   0.489407
      0.28   0.829432   0.355174   0.497368
      0.29   0.807055   0.362616   0.500399
       0.3   0.778616   0.373018   0.504393
      0.31   0.760302   0.387837   0.513655
      0.32   0.744116   0.397326    0.51804
      0.33   0.717031   0.410294   0.521932
      0.34   0.698975   0.418869   0.523828
      0.35   0.673567   0.434074   0.527929
      0.36   0.660089   0.442527   0.529844
      0.37   0.637648    0.45546   0.531371
      0.38   0.620752   0.463662   0.530829
      0.39   0.590185    0.47645   0.527254
       0.4   0.580125   0.491071   0.531897
      0.41   0.557555   0.505763   0.530397
      0.42   0.543561   0.520578   0.531822
      0.43   0.524666   0.530645   0.527638
      0.44   0.500548   0.540576   0.519793
      0.45   0.476301   0.543336   0.507615
      0.46   0.452634   0.562371   0.501571
      0.47   0.443929   0.572372   0.500034
      0.48   0.418263   0.588344   0.488934
      0.49   0.400335   0.600531   0.480411
       0.5   0.371897   0.613803   0.463166
      0.51   0.346166   0.621862   0.444755
      0.52   0.334236   0.629472   0.436631
      0.53   0.310956   0.649524   0.420568
      0.54   0.306313   0.657548   0.417935
      0.55   0.286967   0.669653   0.401765
      0.56   0.271232   0.671446   0.386384
      0.57   0.265493   0.683862   0.382493
      0.58   0.248791   0.695402   0.366471
      0.59   0.232089   0.707792   0.349556
       0.6   0.225382   0.718261   0.343103
      0.61   0.211453   0.725898   0.327504
      0.62   0.192687   0.736617   0.305469
      0.63   0.173857   0.743529   0.281818
      0.64   0.159154   0.771978   0.263901
      0.65   0.152254   0.783784   0.254977
      0.66   0.134971    0.77972    0.23011
      0.67   0.125879   0.793774   0.217298
      0.68   0.113046   0.806306   0.198291
      0.69   0.105049   0.818182   0.186193
       0.7  0.0962146   0.811111   0.172024
      0.71  0.0882827   0.829114   0.159574
      0.72  0.0771909   0.841727   0.141413
      0.73  0.0708712   0.892562   0.131316
      0.74  0.0674534   0.900901    0.12551
      0.75  0.0530083   0.892157   0.100071
      0.76  0.0486232   0.895833  0.0922399
      0.77  0.0473335   0.902174  0.0899477
      0.78  0.0426904   0.927711  0.0816247
      0.79  0.0396595   0.922078  0.0760481
       0.8  0.0391436   0.957143  0.0752114
      0.81  0.0366931   0.951613  0.0706616
      0.82  0.0357258   0.947368   0.068855
      0.83  0.0326304   0.944444  0.0630814
      0.84  0.0262462   0.938776  0.0510648
      0.85  0.0251499   0.930233  0.0489757
      0.86  0.0239892   0.944444  0.0467899
      0.87  0.0188947   0.941176  0.0370457
      0.88  0.0170246   0.928571  0.0334361
      0.89  0.0151544   0.923077  0.0298193
       0.9  0.0132843   0.904762  0.0261842
      0.91  0.0111563   0.894737  0.0220377
      0.92  0.0105759      0.875  0.0208991
      0.93 0.00915715   0.857143  0.0181207
      0.94 0.00915715   0.857143  0.0181207
      0.95 0.00561037   0.833333  0.0111457
      0.96 0.00522345        0.9  0.0103866
      0.97 0.00522345   0.888889  0.0103859
      0.98 0.00483653          1 0.00962649
      0.99 0.00354679          1  0.0070685
