         0          1   0.193017   0.323578
      0.01   0.964929    0.16836   0.286697
      0.02   0.964565    0.17604    0.29774
      0.03   0.964444   0.181279   0.305194
      0.04   0.962745    0.18798   0.314543
      0.05   0.960075   0.192461   0.320644
      0.06   0.955525   0.199021   0.329428
      0.07   0.950731   0.203731   0.335556
      0.08   0.943086   0.213172   0.347741
      0.09   0.936776   0.219526   0.355697
       0.1   0.925187    0.22741   0.365082
      0.11   0.908986   0.234624   0.372976
      0.12   0.894667   0.237908   0.375867
      0.13   0.883745   0.243738   0.382094
      0.14   0.872399    0.24795    0.38615
      0.15   0.850434    0.25162   0.388341
      0.16   0.834779   0.254412   0.389974
      0.17    0.80341   0.255918   0.388184
      0.18   0.785268   0.257777   0.388141
      0.19   0.757842   0.259572   0.386695
       0.2   0.733693   0.260677    0.38468
      0.21   0.706875   0.265724   0.386251
      0.22    0.68582   0.278168     0.3958
      0.23   0.661974   0.289458    0.40279
      0.24    0.62205   0.303631   0.408075
      0.25   0.610339   0.312589   0.413435
      0.26   0.583338    0.32343   0.416135
      0.27   0.569383   0.332964   0.420202
      0.28   0.548632   0.349275   0.426822
      0.29   0.538135   0.366333   0.435917
       0.3   0.519568   0.384045   0.441643
      0.31   0.491293   0.390264   0.434989
      0.32   0.476852   0.396277   0.432846
      0.33   0.448092   0.407753   0.426972
      0.34    0.43268   0.417871   0.425146
      0.35   0.409927   0.430806   0.420107
      0.36   0.398762   0.440264   0.418487
      0.37   0.374067   0.454819    0.41051
      0.38   0.355136     0.4699   0.404536
      0.39    0.33839   0.485981   0.398973
       0.4   0.334385   0.499002   0.400435
      0.41   0.319944   0.516421   0.395105
      0.42   0.305018   0.537688   0.389233
      0.43   0.295734   0.554348   0.385703
      0.44   0.278685   0.580398    0.37656
      0.45   0.269219   0.599668   0.371607
      0.46   0.244342   0.626838   0.351622
      0.47   0.241247   0.633721   0.349461
      0.48   0.234877   0.665217   0.347173
      0.49   0.211759   0.676399   0.322541
       0.5   0.203143   0.690667   0.313946
      0.51   0.197136   0.708092    0.30841
      0.52    0.19119   0.712538   0.301485
      0.53   0.175839   0.726316   0.283132
      0.54   0.168436   0.736842   0.274194
      0.55   0.157636   0.753138   0.260705
      0.56   0.141436   0.782805   0.239584
      0.57   0.129664   0.820513    0.22394
      0.58   0.127359   0.842391   0.221265
      0.59   0.114435   0.855422   0.201865
       0.6   0.112432   0.861635    0.19891
      0.61   0.107578   0.896296     0.1921
      0.62  0.0983557   0.905172   0.177432
      0.63  0.0885869   0.897196   0.161252
      0.64  0.0726291   0.907216   0.134491
      0.65  0.0698987   0.911111   0.129837
      0.66  0.0575208   0.901408   0.108141
      0.67  0.0575208   0.925373   0.108309
      0.68  0.0445968   0.910714  0.0850298
      0.69  0.0373157   0.893617  0.0716399
       0.7  0.0315515   0.883721  0.0609277
      0.71   0.030338      0.875  0.0586427
      0.72  0.0295492   0.857143  0.0571289
      0.73  0.0195983   0.814815   0.038276
      0.74  0.0190522       0.84  0.0372594
      0.75  0.0186275   0.826087  0.0364335
      0.76  0.0182028   0.818182  0.0356132
      0.77  0.0176567   0.809524  0.0345596
      0.78  0.0172926        0.8  0.0338535
      0.79  0.0141982   0.789474  0.0278947
       0.8 0.00964747   0.823529  0.0190715
      0.81 0.00964747      0.875  0.0190845
      0.82 0.00904071   0.866667  0.0178948
      0.83 0.00904071   0.866667  0.0178948
      0.84 0.00904071   0.923077  0.0179061
      0.85 0.00904071   0.916667  0.0179048
      0.86 0.00904071   0.916667  0.0179048
      0.87 0.00879801          1  0.0174426
      0.88 0.00879801          1  0.0174426
      0.89 0.00879801          1  0.0174426
       0.9 0.00618894          1  0.0123018
      0.91 0.00618894          1  0.0123018
      0.92 0.00618894          1  0.0123018
      0.93 0.00558219          1  0.0111024
      0.94 0.00558219          1  0.0111024
      0.95 0.00509678          1  0.0101419
      0.96 0.00509678          1  0.0101419
      0.97 0.00455069          1 0.00906016
      0.98 0.00455069          1 0.00906016
      0.99  0.0032765          1  0.0065316
