         0          1   0.150167   0.261123
      0.01   0.993643   0.143344   0.250544
      0.02   0.990132   0.155292   0.268476
      0.03   0.976943   0.157049   0.270598
      0.04    0.97087   0.157386   0.270863
      0.05   0.967264   0.157225   0.270484
      0.06   0.955594   0.156223   0.268544
      0.07   0.948572   0.155194   0.266746
      0.08   0.940222     0.1539   0.264505
      0.09   0.932062   0.152968   0.262805
       0.1   0.915172   0.150327   0.258237
      0.11   0.907771   0.149275    0.25639
      0.12   0.892874   0.147921   0.253796
      0.13   0.868204   0.147101   0.251577
      0.14   0.858525   0.147347   0.251525
      0.15   0.833191   0.147559   0.250716
      0.16    0.82152    0.14685   0.249161
      0.17   0.769902   0.144738   0.243667
      0.18   0.750356   0.144454   0.242269
      0.19   0.717715   0.145549   0.242017
       0.2   0.709745   0.145637   0.241682
      0.21   0.681184   0.144886   0.238948
      0.22   0.636873   0.143231   0.233866
      0.23   0.619793   0.143818   0.233463
      0.24   0.585919   0.143255   0.230222
      0.25   0.557548   0.142012   0.226366
      0.26   0.525192   0.139739   0.220744
      0.27   0.502135   0.138932   0.217646
      0.28    0.46086    0.13849    0.21298
      0.29   0.445773   0.138138   0.210916
       0.3   0.405921    0.13561   0.203301
      0.31   0.380302   0.134211   0.198403
      0.32   0.371762   0.134808   0.197866
      0.33   0.345574    0.13323   0.192316
      0.34   0.324509   0.132566   0.188236
      0.35   0.295379   0.132424   0.182866
      0.36   0.283708    0.13163   0.179827
      0.37   0.260936   0.132009   0.175321
      0.38   0.247462    0.13242   0.172522
      0.39    0.23674    0.13546    0.17232
       0.4   0.224594   0.139722   0.172272
      0.41   0.212734   0.141439   0.169911
      0.42   0.191764   0.138368   0.160748
      0.43   0.184173   0.142605   0.160745
      0.44   0.175823   0.146684   0.159937
      0.45   0.172028   0.144016   0.156781
      0.46    0.15789   0.140988   0.148961
      0.47   0.148306   0.139319   0.143672
      0.48   0.138913   0.139419   0.139165
      0.49   0.138154   0.143603   0.140826
       0.5    0.13246   0.143532   0.137774
      0.51   0.123731   0.144153   0.133164
      0.52   0.121454   0.144362   0.131921
      0.53   0.119746    0.14983   0.133109
      0.54   0.115286   0.151149   0.130804
      0.55   0.110542    0.15285   0.128298
      0.56   0.109119   0.154778   0.127998
      0.57    0.10798   0.156342   0.127737
      0.58   0.106746   0.155624   0.126632
      0.59  0.0995351   0.156352   0.121636
       0.6  0.0983964   0.157804   0.121213
      0.61  0.0932726   0.157197   0.117077
      0.62  0.0860613   0.159184   0.111721
      0.63  0.0838789   0.161572   0.110429
      0.64  0.0791346   0.164649   0.106893
      0.65  0.0661353   0.158311  0.0932958
      0.66  0.0598729   0.164179  0.0877464
      0.67  0.0541797   0.164557  0.0815195
      0.68  0.0538002   0.171233  0.0818756
      0.69  0.0528513   0.177536  0.0814543
       0.7  0.0509536   0.180723  0.0794943
      0.71  0.0487712   0.186364  0.0773104
      0.72  0.0458298      0.185  0.0734611
      0.73  0.0438372   0.195402  0.0716093
      0.74  0.0389031        0.2  0.0651362
      0.75  0.0389031   0.214286  0.0658511
      0.76  0.0389031   0.241667  0.0670178
      0.77  0.0375747   0.254717  0.0654888
      0.78  0.0361514   0.280899  0.0640586
      0.79   0.022393   0.253731   0.041154
       0.8  0.0218237   0.285714  0.0405501
      0.81  0.0218237   0.333333  0.0409654
      0.82  0.0159408   0.333333  0.0304265
      0.83  0.0152766   0.324324  0.0291788
      0.84  0.0152766   0.342857  0.0292499
      0.85  0.0138533   0.384615  0.0267434
      0.86  0.0125249        0.4  0.0242893
      0.87  0.0125249   0.444444  0.0243632
      0.88 0.00834994        0.5  0.0164256
      0.89 0.00834994        0.5  0.0164256
       0.9 0.00778062        0.5  0.0153228
      0.91 0.00721131   0.454545  0.0141974
      0.92 0.00578803      0.375  0.0114001
      0.93 0.00521871   0.285714  0.0102502
      0.94          0          0          0
      0.95          0          0          0
      0.96          0          0          0
      0.97          0          0          0
      0.98          0          0          0
      0.99          0          0          0
