         0          1   0.230724    0.37494
      0.01   0.997969   0.216319   0.355566
      0.02   0.996531   0.214887   0.353539
      0.03   0.995008   0.213905   0.352114
      0.04   0.992384   0.212318   0.349797
      0.05   0.990861    0.21146   0.348539
      0.06   0.987138   0.210329   0.346771
      0.07   0.984684    0.20854   0.344187
      0.08   0.975292   0.205794   0.339872
      0.09   0.967423   0.204469   0.337588
       0.1   0.953799   0.203153   0.334962
      0.11   0.937891   0.202266   0.332768
      0.12    0.92376   0.201762   0.331188
      0.13   0.905145   0.201429   0.329526
      0.14   0.893214   0.201478   0.328791
      0.15   0.870113   0.201724   0.327518
      0.16   0.849213    0.20139   0.325571
      0.17   0.825351   0.201763   0.324259
      0.18   0.807582   0.202692   0.324051
      0.19    0.78482   0.203467   0.323154
       0.2   0.760027   0.203429   0.320952
      0.21   0.738196   0.205775   0.321837
      0.22    0.71755   0.208425   0.323023
      0.23   0.695972   0.208447    0.32081
      0.24   0.665256   0.210093   0.319337
      0.25   0.645202   0.212317   0.319497
      0.26   0.620748   0.215579   0.320019
      0.27    0.60044   0.216599   0.318357
      0.28   0.577594   0.221156   0.319846
      0.29   0.557201   0.222209   0.317715
       0.3   0.528431   0.224844   0.315461
      0.31   0.495261   0.227376   0.311666
      0.32   0.484938   0.228812    0.31092
      0.33    0.46463   0.232413    0.30984
      0.34   0.452276   0.233865   0.308309
      0.35   0.435268   0.234992   0.305209
      0.36   0.419614   0.236105   0.302182
      0.37   0.394314   0.235674    0.29502
      0.38   0.377983   0.237713   0.291869
      0.39   0.352682   0.236457   0.283105
       0.4   0.338213   0.237551   0.279083
      0.41   0.307243   0.239052   0.268892
      0.42   0.290743   0.239302   0.262526
      0.43    0.27712   0.239609   0.257003
      0.44   0.260789   0.239073   0.249459
      0.45    0.24725   0.240145   0.243646
      0.46   0.239634   0.241364   0.240496
      0.47   0.233119   0.238758   0.235905
      0.48   0.216111   0.237777   0.226427
      0.49   0.204688   0.237651   0.219941
       0.5    0.17981   0.233092   0.203013
      0.51   0.173972   0.233137   0.199255
      0.52   0.168049   0.230014   0.194208
      0.53   0.154764   0.226312   0.183821
      0.54   0.145371    0.22534   0.176731
      0.55   0.135048   0.223374   0.168328
      0.56   0.133271   0.225806   0.167616
      0.57    0.12261   0.220204   0.157515
      0.58   0.114909   0.222087   0.151455
      0.59   0.110932   0.229917   0.149657
       0.6   0.107632    0.23298   0.147242
      0.61  0.0984092   0.235593   0.138829
      0.62  0.0958707   0.242424   0.137403
      0.63  0.0904552   0.230612   0.129942
      0.64  0.0825859   0.230047    0.12154
      0.65  0.0810628   0.227621    0.11955
      0.66  0.0611779   0.219219  0.0956598
      0.67  0.0560162   0.216393   0.088995
      0.68  0.0407852   0.203774  0.0679669
      0.69  0.0400237   0.207317  0.0670944
       0.7  0.0336774   0.211823  0.0581152
      0.71  0.0280927   0.212644  0.0496289
      0.72   0.024285   0.201258  0.0433403
      0.73  0.0236081   0.215827  0.0425607
      0.74  0.0191234      0.208  0.0350264
      0.75  0.0188695   0.235849  0.0349433
      0.76  0.0188695   0.257732  0.0351645
      0.77  0.0187849   0.315789  0.0354604
      0.78  0.0179387   0.338235  0.0340705
      0.79  0.0179387   0.383333  0.0342736
       0.8  0.0179387   0.410714   0.034376
      0.81   0.017008   0.434783  0.0327354
      0.82  0.0138771   0.388889   0.026798
      0.83  0.0138771   0.411765  0.0268494
      0.84  0.0138771   0.482759  0.0269788
      0.85  0.0138771   0.583333  0.0271094
      0.86  0.0136233        0.6  0.0266417
      0.87  0.0132002     0.6875  0.0259031
      0.88  0.0116771   0.642857  0.0229376
      0.89  0.0116771   0.692308  0.0229668
       0.9 0.00829244   0.666667  0.0163811
      0.91 0.00668472      0.625   0.013228
      0.92  0.0060924   0.571429  0.0120563
      0.93 0.00338467        0.6 0.00673136
      0.94 0.00338467        0.6 0.00673136
      0.95 0.00338467       0.75 0.00673892
      0.96 0.00313082   0.666667 0.00623237
      0.97 0.00313082          1 0.00624209
      0.98 0.00313082          1 0.00624209
      0.99 0.00313082          1 0.00624209
