         0          1   0.282356    0.44037
      0.01   0.996565   0.277846   0.434541
      0.02   0.996565   0.278184   0.434954
      0.03   0.996565   0.278705    0.43559
      0.04   0.996565   0.280352   0.437599
      0.05   0.996453    0.28216   0.439787
      0.06   0.996002   0.286318   0.444777
      0.07    0.99589   0.289608   0.448726
      0.08    0.99482   0.295423   0.455562
      0.09   0.992849   0.299775   0.460507
       0.1   0.987838   0.306497   0.467837
      0.11   0.981588   0.315069   0.477024
      0.12   0.976014   0.321005   0.483116
      0.13   0.964752   0.329346   0.491056
      0.14   0.953941    0.33598   0.496937
      0.15   0.933953   0.346733   0.505717
      0.16   0.926014   0.353273   0.511434
      0.17   0.903885    0.36247    0.51744
      0.18   0.893581   0.368877    0.52219
      0.19   0.875788   0.378248   0.528318
       0.2    0.86205   0.384189   0.531503
      0.21   0.842342   0.392798   0.535761
      0.22   0.812331   0.399048   0.535191
      0.23   0.794088   0.404265   0.535772
      0.24   0.778041   0.411976   0.538705
      0.25   0.763401   0.417962   0.540177
      0.26   0.742005   0.426243   0.541451
      0.27   0.726802   0.432351   0.542178
      0.28   0.703941   0.441484   0.542644
      0.29   0.684516   0.446143   0.540202
       0.3   0.646284   0.451623   0.531697
      0.31   0.618018   0.458538   0.526466
      0.32   0.607883     0.4641   0.526349
      0.33    0.56402    0.47175   0.513775
      0.34   0.548592   0.477235   0.510432
      0.35    0.52714   0.483095   0.504157
      0.36   0.502703   0.488755   0.495631
      0.37    0.48125    0.49737   0.489177
      0.38   0.461486   0.501257    0.48055
      0.39   0.429899   0.508907   0.466078
       0.4   0.418525    0.51714   0.462636
      0.41   0.403378   0.528926   0.457699
      0.42   0.382376   0.538371   0.447159
      0.43   0.367399   0.546418   0.439373
      0.44   0.355349   0.562824   0.435645
      0.45   0.343243   0.571717   0.428954
      0.46   0.324043   0.583566     0.4167
      0.47    0.31509   0.589988   0.410792
      0.48   0.297297   0.608553    0.39945
      0.49    0.29009   0.615983   0.394429
       0.5   0.278041    0.63212   0.386207
      0.51   0.259797   0.628372   0.367609
      0.52   0.249268   0.632022   0.357528
      0.53   0.238401   0.643299    0.34788
      0.54   0.228941   0.646674   0.338163
      0.55   0.215146   0.650966   0.323406
      0.56   0.203491   0.646607   0.309561
      0.57   0.186599   0.654728   0.290426
      0.58   0.174775   0.659476   0.276319
      0.59   0.155912   0.669002   0.252888
       0.6   0.151014    0.67603   0.246879
      0.61    0.13705   0.670782   0.227598
      0.62    0.13277   0.683146    0.22233
      0.63   0.129448   0.695444   0.218268
      0.64   0.122579   0.700787    0.20866
      0.65   0.112669    0.71345   0.194606
      0.66   0.108502   0.718954   0.188549
      0.67    0.10107    0.71831   0.177206
      0.68  0.0991554   0.726592   0.174498
      0.69  0.0963964   0.733333   0.170394
       0.7  0.0884009   0.745536    0.15806
      0.71  0.0817568   0.743842   0.147321
      0.72  0.0771959   0.748603   0.139959
      0.73  0.0746622   0.765823    0.13606
      0.74  0.0682995   0.763514   0.125383
      0.75  0.0628378   0.757576    0.11605
      0.76  0.0611486       0.76    0.11319
      0.77  0.0502815   0.765217  0.0943626
      0.78  0.0475788   0.757282  0.0895325
      0.79  0.0407658   0.764045  0.0774017
       0.8  0.0386261   0.758621  0.0735094
      0.81  0.0328266   0.727273  0.0628178
      0.82  0.0291104   0.753623  0.0560555
      0.83  0.0258446       0.75  0.0499673
      0.84  0.0210586       0.75  0.0409668
      0.85  0.0198761   0.735849  0.0387067
      0.86  0.0185248   0.734694  0.0361383
      0.87  0.0170608   0.697674  0.0333071
      0.88  0.0164977   0.702703  0.0322386
      0.89  0.0145833    0.69697  0.0285689
       0.9  0.0122185   0.678571  0.0240047
      0.91 0.00867117   0.666667  0.0171197
      0.92 0.00765766        0.6  0.0151223
      0.93 0.00765766       0.75  0.0151605
      0.94 0.00731982   0.733333   0.014495
      0.95    0.00625   0.777778  0.0124004
      0.96  0.0053491   0.833333    0.01063
      0.97 0.00287162       0.75 0.00572134
      0.98 0.00247748          1 0.00494271
      0.99 0.00247748          1 0.00494271
