         0          1   0.253826   0.404882
      0.01   0.996662   0.246807    0.39564
      0.02   0.996662   0.248943    0.39838
      0.03   0.996662   0.251943   0.402212
      0.04   0.996443    0.25784   0.409673
      0.05   0.995787   0.263082   0.416204
      0.06   0.994802   0.269811   0.424492
      0.07   0.992723   0.275983   0.431897
      0.08   0.989111   0.284535   0.441939
      0.09   0.983093   0.289236   0.446969
       0.1   0.975979   0.294957   0.453007
      0.11   0.970891    0.29956   0.457854
      0.12    0.96137   0.301913   0.459517
      0.13   0.948949   0.307454   0.464434
      0.14   0.942493   0.311321   0.468041
      0.15   0.929853   0.316383   0.472125
      0.16   0.919129   0.320488    0.47526
      0.17   0.898829   0.324109   0.476425
      0.18   0.885807   0.326291    0.47691
      0.19   0.861622   0.330117   0.477346
       0.2   0.847231    0.33312   0.478213
      0.21   0.829065   0.336089   0.478288
      0.22   0.805428   0.338504   0.476673
      0.23   0.781954   0.341294   0.475187
      0.24   0.752298   0.344149   0.472257
      0.25   0.735336   0.347587   0.472043
      0.26   0.704038   0.351615   0.468999
      0.27   0.682589   0.352717     0.4651
      0.28   0.645874   0.353195   0.456664
      0.29    0.62541   0.354691   0.452662
       0.3    0.59756   0.357959   0.447719
      0.31   0.572171    0.36061   0.442399
      0.32   0.545469   0.360768   0.434296
      0.33   0.521777   0.361418   0.427039
      0.34   0.501587   0.361713   0.420318
      0.35   0.484898   0.364572   0.416213
      0.36   0.470289   0.368768   0.413387
      0.37   0.454859   0.369231   0.407596
      0.38    0.43921   0.370457   0.401914
      0.39   0.414478   0.372282   0.392248
       0.4   0.392974      0.375   0.383777
      0.41   0.364905   0.370226   0.367546
      0.42   0.349584   0.372294   0.360582
      0.43   0.335248   0.369342    0.35147
      0.44   0.309641   0.364314    0.33476
      0.45   0.284909   0.356223     0.3166
      0.46   0.268385   0.363574   0.308811
      0.47   0.248085   0.361295   0.294174
      0.48    0.22111   0.363409   0.274938
      0.49   0.210276   0.365591   0.266989
       0.5   0.195831   0.372414   0.256685
      0.51   0.184012   0.380435   0.248046
      0.52   0.177172    0.37907    0.24148
      0.53   0.163821   0.381748    0.22926
      0.54   0.152112   0.388811   0.218674
      0.55   0.142208   0.390016   0.208422
      0.56   0.136244   0.396321   0.202779
      0.57   0.126395   0.406367   0.192817
      0.58    0.12262   0.410256   0.188808
      0.59   0.109926   0.410596   0.173422
       0.6   0.102156   0.417476   0.164145
      0.61  0.0912672   0.414439   0.149592
      0.62  0.0844277   0.414986    0.14031
      0.63  0.0799409   0.424437   0.134542
      0.64  0.0780805       0.44   0.132626
      0.65  0.0767673   0.452381    0.13126
      0.66  0.0715693   0.469027   0.124188
      0.67  0.0698183   0.490476   0.122237
      0.68  0.0628146   0.484375   0.111208
      0.69  0.0605165   0.494382   0.107833
       0.7  0.0533487    0.48125  0.0960498
      0.71  0.0499015   0.503546  0.0908043
      0.72  0.0452506        0.5  0.0829905
      0.73  0.0415299   0.517544  0.0768898
      0.74  0.0414204   0.537037  0.0769091
      0.75  0.0410374   0.554455  0.0764188
      0.76  0.0357846   0.550562  0.0672014
      0.77   0.033596   0.558442   0.063379
      0.78   0.033596   0.597222  0.0636135
      0.79  0.0320092   0.633333  0.0609385
       0.8   0.031079   0.637931  0.0592705
      0.81  0.0299847   0.654545  0.0573425
      0.82  0.0299847   0.673077  0.0574117
      0.83  0.0289451   0.680851  0.0555294
      0.84  0.0276866    0.74359  0.0533854
      0.85  0.0276866   0.763158  0.0534346
      0.86   0.026647     0.8125  0.0516016
      0.87  0.0265375   0.827586   0.051426
      0.88  0.0193149   0.809524  0.0377297
      0.89  0.0130225   0.777778  0.0256162
       0.9  0.0130225   0.823529  0.0256396
      0.91  0.0119282   0.857143   0.023529
      0.92  0.0111622   0.909091  0.0220536
      0.93  0.0111622        0.9  0.0220509
      0.94  0.0108339          1  0.0214355
      0.95  0.0108339          1  0.0214355
      0.96  0.0103961          1  0.0205784
      0.97  0.0076056          1  0.0150964
      0.98 0.00705844          1  0.0140179
      0.99 0.00618297          1    0.01229
