         0          1   0.418411   0.589971
      0.01   0.998639   0.407347   0.578658
      0.02   0.997278   0.419238   0.590318
      0.03   0.995474   0.428879   0.599484
      0.04   0.993955   0.440752     0.6107
      0.05   0.993069    0.44751   0.616986
      0.06   0.991202   0.457696   0.626227
      0.07   0.988828   0.464572   0.632147
      0.08   0.982689   0.477038   0.642284
      0.09   0.974967   0.483887   0.646773
       0.1   0.966992   0.494178   0.654087
      0.11   0.958858   0.503089   0.659929
      0.12   0.951516    0.50761   0.662039
      0.13   0.943889   0.513078    0.66479
      0.14   0.936673   0.518729   0.667691
      0.15   0.926578   0.524551   0.669875
      0.16   0.919552   0.527448   0.670375
      0.17   0.904994    0.52858   0.667369
      0.18   0.889961   0.526877   0.661897
      0.19   0.875973   0.526445   0.657652
       0.2   0.862301   0.525819   0.653279
      0.21   0.852111   0.528203   0.652153
      0.22   0.834768   0.531928   0.649795
      0.23   0.825495   0.535149   0.649344
      0.24   0.806349   0.542551   0.648655
      0.25   0.798563   0.554018   0.654184
      0.26   0.766947   0.576274   0.658078
      0.27   0.752959   0.598578   0.666951
      0.28   0.733084   0.639918    0.68334
      0.29   0.721153   0.658537   0.688424
       0.3   0.687955   0.679516   0.683709
      0.31   0.661434   0.699928   0.680137
      0.32    0.63868   0.708767   0.671901
      0.33   0.608868   0.726414   0.662467
      0.34   0.592949   0.737203   0.657254
      0.35   0.575068   0.757559   0.653818
      0.36   0.553706   0.770562   0.644378
      0.37   0.531236   0.792417   0.636059
      0.38   0.512184   0.803875   0.625704
      0.39   0.488259   0.815693   0.610865
       0.4   0.479208   0.821504   0.605316
      0.41   0.457371   0.830022   0.589762
      0.42   0.442433   0.841607   0.579974
      0.43   0.431831   0.848031   0.572259
      0.44   0.420501      0.875   0.568025
      0.45   0.406165   0.889016   0.557586
      0.46   0.397778   0.904097    0.55248
      0.47   0.391797   0.912568   0.548223
      0.48    0.37898   0.926031   0.537845
      0.49   0.370656   0.933033   0.530548
       0.5   0.358472   0.954453   0.521195
      0.51   0.351605   0.957439    0.51433
      0.52   0.347617   0.959112   0.510287
      0.53   0.340306   0.963755   0.503001
      0.54   0.333217   0.966102   0.495524
      0.55   0.327268   0.967145   0.489048
      0.56   0.320875   0.968834   0.482085
      0.57   0.311824   0.969996   0.471935
      0.58   0.307773   0.970269   0.467312
      0.59   0.299987   0.971488   0.458419
       0.6   0.296348   0.973019   0.454324
      0.61   0.285271   0.974157    0.44131
      0.62   0.277328   0.973973   0.431726
      0.63   0.273657   0.974719   0.427337
      0.64   0.266694   0.974757   0.418803
      0.65   0.260301   0.975524   0.410948
      0.66   0.251408   0.975237   0.399761
      0.67   0.244414   0.973918   0.390763
      0.68   0.232008   0.973068   0.374681
      0.69   0.224476   0.971985   0.364721
       0.7   0.210804   0.970836   0.346394
      0.71    0.20381   0.971141   0.336914
      0.72   0.199158   0.970588     0.3305
      0.73   0.193746   0.970402   0.323003
      0.74    0.18979   0.971014    0.31752
      0.75   0.179094   0.970499   0.302386
      0.76   0.176214   0.971206   0.298304
      0.77   0.163776   0.969672   0.280223
      0.78    0.16039   0.969492   0.275244
      0.79   0.150769   0.968833   0.260932
       0.8   0.145705   0.969302    0.25333
      0.81   0.135958   0.969307   0.238468
      0.82   0.124533   0.969886   0.220725
      0.83   0.117951   0.969957   0.210325
      0.84   0.106494   0.967667   0.191872
      0.85  0.0969682   0.968059   0.176279
      0.86  0.0876321   0.972678   0.160779
      0.87  0.0786126   0.973568   0.145478
      0.88  0.0710172   0.973312   0.132376
      0.89  0.0628204   0.972881    0.11802
       0.9  0.0524084   0.968944  0.0994383
      0.91  0.0380087   0.961765  0.0731275
      0.92  0.0332932   0.967273  0.0643709
      0.93  0.0238306   0.962567  0.0465098
      0.94  0.0179442   0.955556  0.0352268
      0.95 0.00990569   0.927273   0.019602
      0.96 0.00626622   0.904762  0.0124462
      0.97 0.00528514          1  0.0105147
      0.98 0.00430407          1 0.00857125
      0.99 0.00218368          1 0.00435785
