         0          1   0.223412   0.365227
      0.01   0.998804   0.213862   0.352293
      0.02   0.998804   0.214702   0.353431
      0.03   0.998734   0.216316    0.35561
      0.04   0.998593   0.219878   0.360401
      0.05    0.99803   0.222999   0.364544
      0.06   0.997678   0.228213   0.371458
      0.07   0.997326   0.232329   0.376866
      0.08   0.997326   0.237552   0.383709
      0.09   0.996201   0.240864   0.387932
       0.1   0.993246   0.246597     0.3951
      0.11   0.990853    0.25245   0.402381
      0.12   0.990009   0.255583   0.406279
      0.13   0.987898   0.261265   0.413242
      0.14   0.987054   0.265622   0.418597
      0.15   0.982622   0.271736   0.425738
      0.16   0.976923   0.275402   0.429675
      0.17   0.969394   0.280287   0.434844
      0.18   0.962569   0.283664   0.438194
      0.19   0.954056   0.288358   0.442863
       0.2   0.947724   0.292719   0.447286
      0.21   0.934637   0.298499   0.452486
      0.22   0.922325   0.301701   0.454673
      0.23   0.908816   0.305644   0.457445
      0.24   0.898121   0.311513    0.46258
      0.25   0.891226   0.316016   0.466587
      0.26    0.87821   0.323887   0.473241
      0.27   0.868079   0.326322   0.474335
      0.28   0.855203   0.330553   0.476809
      0.29   0.842398   0.334281   0.478631
       0.3   0.825301   0.337588   0.479172
      0.31   0.800605   0.341888   0.479158
      0.32   0.779427    0.34143    0.47485
      0.33   0.751565   0.343871   0.471851
      0.34   0.734328   0.341352   0.466058
      0.35   0.708014   0.343649   0.462712
      0.36   0.684373   0.343201   0.457149
      0.37   0.645184   0.347843   0.451997
      0.38   0.630761   0.349595   0.449859
      0.39    0.60121   0.350846   0.443108
       0.4   0.580243   0.350346   0.436897
      0.41   0.549849   0.353541   0.430366
      0.42   0.511785   0.354745   0.419035
      0.43    0.48526   0.352996   0.408693
      0.44    0.45374   0.354153   0.397808
      0.45   0.439175   0.355596   0.392991
      0.46   0.395764   0.353178    0.37326
      0.47   0.369873   0.353422    0.36146
      0.48   0.328924   0.354406    0.34119
      0.49   0.301273   0.352004   0.324669
       0.5   0.276578   0.350486   0.309176
      0.51   0.257651   0.349267   0.296544
      0.52   0.236685   0.344285   0.280521
      0.53   0.210089   0.341801   0.260228
      0.54   0.202139   0.343186   0.254422
      0.55   0.178921   0.344764   0.235582
      0.56   0.168156    0.34761   0.226663
      0.57   0.153803   0.359003   0.215347
      0.58   0.146134   0.364634   0.208648
      0.59   0.134173   0.364525   0.196148
       0.6   0.115106   0.355039   0.173849
      0.61    0.11208    0.37265    0.17233
      0.62   0.105678   0.370874   0.164487
      0.63  0.0971646   0.366667   0.153621
      0.64  0.0895659   0.372642    0.14442
      0.65  0.0783789   0.378307   0.129854
      0.66  0.0673327   0.377246    0.11427
      0.67  0.0619151   0.379195   0.106449
      0.68  0.0450996   0.341365  0.0796731
      0.69  0.0361641   0.340909  0.0653914
       0.7  0.0318722   0.302703   0.057672
      0.71  0.0239218   0.310811  0.0444244
      0.72   0.021811   0.304348  0.0407049
      0.73  0.0153381   0.311927  0.0292384
      0.74  0.0137198   0.313131  0.0262879
      0.75  0.0117498   0.333333  0.0226995
      0.76 0.00633223        0.3  0.0124027
      0.77 0.00562865   0.333333  0.0110704
      0.78 0.00527686   0.333333  0.0103893
      0.79 0.00344755   0.333333 0.00682451
       0.8 0.00337719   0.333333 0.00668663
      0.81 0.00330683   0.366667 0.00655455
      0.82 0.00295504   0.428571 0.00586961
      0.83 0.00168859     0.4375 0.00336421
      0.84 0.000633223   0.384615 0.00126436
      0.85 0.000422149        0.3 0.000843111
      0.86 0.000281432   0.222222 0.000562153
      0.87 0.000281432   0.222222 0.000562153
      0.88 0.000281432   0.333333 0.00056239
      0.89 0.000281432   0.333333 0.00056239
       0.9 0.000281432        0.4 0.000562469
      0.91 0.000281432        0.5 0.000562548
      0.92 7.03581e-05   0.333333 0.000140687
      0.93 7.03581e-05   0.333333 0.000140687
      0.94 7.03581e-05   0.333333 0.000140687
      0.95 7.03581e-05   0.333333 0.000140687
      0.96 7.03581e-05        0.5 0.000140696
      0.97 7.03581e-05        0.5 0.000140696
      0.98 7.03581e-05        0.5 0.000140696
      0.99          0          0          0
