         0          1   0.176689   0.300316
      0.01   0.991945   0.149572   0.259947
      0.02   0.989973   0.149753   0.260152
      0.03   0.989726   0.150216   0.260842
      0.04   0.987836   0.151056   0.262042
      0.05   0.986603   0.151724   0.263002
      0.06    0.98348    0.15248   0.264026
      0.07   0.979699   0.153761   0.265805
      0.08   0.976823   0.155048   0.267618
      0.09   0.974439   0.156728   0.270025
       0.1   0.966795   0.158552   0.272426
      0.11   0.962604   0.160629   0.275317
      0.12   0.958001   0.161868   0.276942
      0.13   0.948549   0.163895   0.279497
      0.14   0.937125   0.165492   0.281306
      0.15    0.92455   0.167232   0.283234
      0.16   0.908194   0.168145   0.283755
      0.17   0.887236   0.169061   0.284006
      0.18   0.868661   0.169965   0.284302
      0.19   0.836854   0.172641   0.286232
       0.2    0.80743   0.173614   0.285779
      0.21   0.776444   0.177282   0.288657
      0.22     0.7545   0.182113   0.293406
      0.23   0.736172   0.185268   0.296035
      0.24   0.700255   0.190383   0.299373
      0.25   0.687515   0.195229   0.304104
      0.26   0.665078    0.20283   0.310857
      0.27   0.659571   0.206874   0.314961
      0.28   0.629654    0.21375   0.319156
      0.29   0.613216   0.218224   0.321896
       0.3   0.586258   0.228058   0.328376
      0.31   0.553464   0.236026   0.330927
      0.32   0.534807   0.242219   0.333427
      0.33   0.517465   0.255782   0.342344
      0.34   0.509329   0.267022   0.350362
      0.35   0.496425   0.282662   0.360217
      0.36   0.485411   0.294578    0.36665
      0.37   0.458453   0.312018    0.37132
      0.38   0.446618   0.322425   0.374494
      0.39   0.432235   0.341632   0.381629
       0.4   0.411441   0.353183   0.380092
      0.41   0.400181   0.382637   0.391212
      0.42   0.387524    0.40593   0.396514
      0.43    0.38325   0.424259   0.402713
      0.44   0.366565   0.449257   0.403721
      0.45   0.357853   0.470825   0.406638
      0.46   0.340758   0.496624   0.404185
      0.47   0.335333   0.519028   0.407433
      0.48   0.317745   0.546448   0.401834
      0.49   0.302704    0.56778   0.394882
       0.5    0.29128   0.603982    0.39302
      0.51   0.267116    0.63591   0.376206
      0.52   0.259472   0.651376   0.371114
      0.53   0.237856   0.692194   0.354051
      0.54   0.231035   0.714063   0.349114
      0.55   0.219775    0.75043   0.339981
      0.56   0.210898   0.775322   0.331598
      0.57   0.195447   0.806122   0.314614
      0.58   0.188296    0.81681   0.306042
      0.59   0.174982       0.84    0.28963
       0.6    0.17194   0.849383   0.285988
      0.61   0.168242   0.866142   0.281755
      0.62   0.155585   0.873926   0.264144
      0.63   0.151393    0.88959   0.258751
      0.64   0.143421   0.894915   0.247221
      0.65     0.1389   0.888087   0.240228
      0.66   0.130106   0.891129   0.227061
      0.67    0.12386   0.892241   0.217523
      0.68   0.114654   0.901408   0.203433
      0.69   0.109476   0.913265   0.195516
       0.7   0.100189   0.903955   0.180385
      0.71  0.0928742   0.899371   0.168362
      0.72  0.0858059    0.89726   0.156633
      0.73  0.0745459   0.886179   0.137523
      0.74  0.0735596   0.889831   0.135886
      0.75  0.0639435   0.893204   0.119343
      0.76  0.0587655    0.90625   0.110374
      0.77  0.0567108   0.921348   0.106845
      0.78  0.0539163   0.925926   0.101899
      0.79  0.0494781   0.932432  0.0939698
       0.8  0.0489028   0.930556  0.0929223
      0.81  0.0441358   0.924242  0.0842484
      0.82  0.0401085   0.919355  0.0768637
      0.83  0.0395332   0.932203  0.0758497
      0.84  0.0351771   0.956522  0.0678587
      0.85  0.0347662    0.97619  0.0671412
      0.86  0.0296704   0.971429  0.0575821
      0.87  0.0291773          1  0.0567002
      0.88   0.023424          1  0.0457758
      0.89  0.0231774          1  0.0453048
       0.9   0.020383          1  0.0399517
      0.91  0.0161091          1  0.0317075
      0.92    0.01126          1  0.0222692
      0.93    0.01126          1  0.0222692
      0.94    0.01126          1  0.0222692
      0.95  0.0105203          1  0.0208215
      0.96 0.00904085          1  0.0179197
      0.97 0.00904085          1  0.0179197
      0.98 0.00715049          1  0.0141994
      0.99 0.00599984          1  0.0119281
