         0          1   0.263807   0.417479
      0.01   0.999169     0.2445   0.392864
      0.02   0.998187   0.264654   0.418381
      0.03   0.998111   0.298336   0.459366
      0.04   0.996298   0.353825   0.522198
      0.05   0.996298   0.373026   0.542815
      0.06   0.994599   0.397415   0.567908
      0.07   0.993843   0.411497   0.582013
      0.08   0.989122   0.435195   0.604445
      0.09   0.981152   0.446202   0.613431
       0.1   0.956601   0.463219   0.624186
      0.11   0.942512   0.477672   0.634019
      0.12     0.9339   0.486979   0.640153
      0.13   0.912899   0.493011   0.640253
      0.14   0.898961   0.498909   0.641691
      0.15   0.884495   0.507406   0.644871
      0.16   0.872219   0.511036   0.644473
      0.17   0.854844    0.51989   0.646561
      0.18   0.843437   0.525886   0.647841
      0.19   0.820094   0.529758   0.643702
       0.2   0.800227   0.530372   0.637935
      0.21   0.778055   0.539088   0.636894
      0.22   0.752219   0.545667   0.632507
      0.23   0.736771   0.551605   0.630882
      0.24   0.713201   0.559108   0.626823
      0.25   0.696771   0.569441   0.626704
      0.26    0.67475   0.577153   0.622147
      0.27   0.655109   0.580149   0.615354
      0.28   0.628366   0.591093    0.60916
      0.29   0.612276   0.599073   0.605602
       0.3   0.583267   0.610416   0.596533
      0.31   0.547951   0.619697    0.58162
      0.32   0.530538   0.628467   0.575365
      0.33   0.506402   0.640164    0.56548
      0.34   0.486534   0.644076   0.554329
      0.35   0.442002   0.655077   0.527848
      0.36   0.424929   0.668249    0.51951
      0.37   0.389537   0.682089    0.49588
      0.38       0.36   0.690766   0.473323
      0.39   0.339226   0.701575   0.457325
       0.4   0.333409   0.704261   0.452566
      0.41   0.281058    0.70463   0.401834
      0.42   0.253333   0.718107   0.374538
      0.43   0.232219    0.72747   0.352057
      0.44   0.217148   0.732227   0.334961
      0.45   0.207517   0.738095   0.323953
      0.46   0.179188   0.737206     0.2883
      0.47   0.165061   0.745214   0.270261
      0.48   0.144023   0.748019    0.24154
      0.49   0.139377   0.755444   0.235335
       0.5    0.13254   0.761484   0.225782
      0.51   0.128234   0.775472   0.220076
      0.52   0.125364   0.777996   0.215932
      0.53   0.123815   0.782609   0.213804
      0.54    0.11796   0.782328   0.205009
      0.55   0.114523   0.789838   0.200041
      0.56   0.111955   0.793349    0.19622
      0.57   0.106969    0.80203   0.188762
      0.58   0.105005   0.808511    0.18587
      0.59   0.103078   0.816156   0.183039
       0.6    0.10221   0.816092   0.181667
      0.61  0.0966572   0.829721   0.173144
      0.62  0.0957885   0.834951   0.171861
      0.63  0.0951086    0.83737   0.170816
      0.64  0.0885741   0.847328   0.160383
      0.65   0.084797   0.857143   0.154326
      0.66  0.0776959   0.868778   0.142636
      0.67   0.075203   0.862559   0.138344
      0.68  0.0664778   0.873016   0.123548
      0.69  0.0636449   0.871508   0.118627
       0.7  0.0595656   0.872727    0.11152
      0.71  0.0559773   0.878378   0.105247
      0.72  0.0512181      0.875  0.0967717
      0.73  0.0483475      0.872  0.0916154
      0.74  0.0438149    0.87069  0.0834314
      0.75  0.0374693      0.875  0.0718614
      0.76  0.0359207   0.876289  0.0690124
      0.77  0.0324079   0.863636  0.0624716
      0.78  0.0307082   0.857143  0.0592922
      0.79  0.0273843       0.85  0.0530592
       0.8  0.0257224   0.835616  0.0499085
      0.81  0.0234183   0.857143   0.045591
      0.82  0.0222474   0.890909  0.0434108
      0.83  0.0222474   0.907407    0.04343
      0.84  0.0219075   0.901961  0.0427759
      0.85  0.0216431    0.93617   0.042308
      0.86  0.0191501          1  0.0375806
      0.87  0.0172238          1  0.0338643
      0.88  0.0172238          1  0.0338643
      0.89  0.0154485          1   0.030427
       0.9  0.0132578          1  0.0261686
      0.91  0.0116714          1  0.0230735
      0.92 0.00985836          1  0.0195242
      0.93 0.00732767          1  0.0145487
      0.94 0.00732767          1  0.0145487
      0.95 0.00653447          1  0.0129841
      0.96 0.00627007          1   0.012462
      0.97 0.00362606          1 0.00722592
      0.98 0.00117092          1 0.00233909
      0.99 0.000830973          1 0.00166057
