         0          1   0.181029   0.306561
      0.01   0.992029   0.161619   0.277954
      0.02   0.991814   0.163072   0.280092
      0.03   0.990737   0.165061   0.282976
      0.04   0.988906   0.167665   0.286718
      0.05   0.985567   0.168865   0.288328
      0.06   0.976088   0.171312   0.291468
      0.07   0.968656   0.172872   0.293385
      0.08     0.9567   0.174951   0.295808
      0.09   0.946898   0.177025   0.298285
       0.1   0.934942   0.180079   0.301991
      0.11   0.922016   0.183453   0.306018
      0.12   0.907152   0.185663   0.308239
      0.13   0.882271   0.188659   0.310848
      0.14   0.866329   0.191125   0.313162
      0.15   0.849203   0.194457   0.316451
      0.16    0.84134   0.196666   0.318809
      0.17   0.820659   0.199508   0.320983
      0.18   0.803102   0.202219   0.323086
      0.19   0.771973   0.205054   0.324036
       0.2   0.759371   0.206983   0.325299
      0.21   0.750539   0.211107   0.329526
      0.22   0.727057   0.213545   0.330128
      0.23   0.719302   0.218234   0.334869
      0.24   0.698621    0.22209   0.337037
      0.25   0.690866   0.225944   0.340522
      0.26   0.668893    0.23057    0.34293
      0.27   0.654136   0.233361   0.344001
      0.28   0.631193   0.236832    0.34443
      0.29   0.620961   0.238341   0.344466
       0.3   0.600819   0.242959   0.346002
      0.31    0.57766   0.249194   0.348186
      0.32   0.557734    0.25218   0.347319
      0.33   0.542223   0.261459   0.352799
      0.34   0.531452    0.26809   0.356397
      0.35   0.513679   0.276568   0.359552
      0.36    0.50991   0.283504   0.364404
      0.37   0.495045   0.294919   0.369633
      0.38    0.48729    0.30116   0.372255
      0.39   0.478134   0.313873    0.37897
       0.4   0.466825   0.321625   0.380855
      0.41   0.461762   0.334665   0.388072
      0.42   0.450345    0.34876   0.393095
      0.43   0.434403   0.355906   0.391256
      0.44   0.426109    0.37305   0.397818
      0.45   0.417923   0.383657   0.400057
      0.46   0.410707    0.40579   0.408233
      0.47    0.40209   0.421483   0.411558
      0.48    0.39455   0.448441   0.419773
      0.49   0.390888   0.458727   0.422099
       0.5    0.38184   0.475085   0.423389
      0.51   0.373546   0.497771   0.426803
      0.52   0.367299   0.506688   0.425878
      0.53    0.36396   0.522147   0.428933
      0.54   0.358574   0.532853   0.428677
      0.55    0.35168   0.548039   0.428433
      0.56   0.345325   0.554415   0.425575
      0.57   0.337139   0.576837   0.425557
      0.58   0.324645   0.579196   0.416075
      0.59   0.313981   0.597686    0.41169
       0.6   0.308811   0.604278   0.408739
      0.61   0.301486   0.619799   0.405653
      0.62   0.294701   0.633484   0.402265
      0.63   0.286838   0.650718   0.398164
      0.64   0.277574   0.666105   0.391857
      0.65    0.27262   0.676786   0.388675
      0.66   0.264972    0.68906   0.382758
      0.67   0.256247   0.688755   0.373526
      0.68   0.247523   0.696703   0.365272
      0.69   0.234059   0.691954   0.349796
       0.7   0.221779   0.704261    0.33733
      0.71   0.211116   0.709677   0.325424
      0.72     0.2067   0.723164   0.321505
      0.73   0.195821   0.732704   0.309047
      0.74    0.18268   0.740614   0.293071
      0.75   0.170724   0.745455   0.277821
      0.76   0.165984   0.753846   0.272065
      0.77   0.158875   0.765957   0.263165
      0.78   0.154352    0.77027    0.25717
      0.79   0.147997   0.777228   0.248647
       0.8   0.145735   0.791444   0.246145
      0.81   0.135717   0.802395   0.232166
      0.82   0.128285   0.793333   0.220857
      0.83   0.117837   0.770992    0.20443
      0.84   0.100495   0.788991   0.178283
      0.85  0.0842309   0.771739   0.151885
      0.86  0.0759371   0.782051   0.138432
      0.87  0.0715209   0.808824   0.131421
      0.88  0.0611805     0.8125   0.113793
      0.89  0.0525636   0.837838  0.0989211
       0.9  0.0428695   0.791667  0.0813346
      0.91   0.026928   0.833333  0.0521703
      0.92  0.0110944   0.714286  0.0218493
      0.93  0.0052779       0.75   0.010482
      0.94  0.0052779          1  0.0105004
      0.95 0.00463162          1 0.00922054
      0.96 0.00463162          1 0.00922054
      0.97 0.00463162          1 0.00922054
      0.98 0.00463162          1 0.00922054
      0.99 0.00409306          1 0.00815276
