         0          1   0.235879   0.381719
      0.01   0.993358   0.241707   0.388808
      0.02   0.991168   0.263837   0.416742
      0.03   0.989614   0.271225   0.425761
      0.04   0.987494   0.288795   0.446895
      0.05   0.985939   0.316863   0.479593
      0.06   0.983325   0.350275   0.516548
      0.07   0.978379   0.361694   0.528141
      0.08   0.970254   0.379706   0.545811
      0.09   0.962905   0.392635   0.557815
       0.1   0.952802    0.41184   0.575099
      0.11   0.938741   0.433672    0.59327
      0.12   0.924822    0.44744   0.603095
      0.13   0.903271   0.473553   0.621353
      0.14   0.888151   0.488318   0.630164
      0.15   0.869639    0.51436   0.646399
      0.16   0.852328   0.530835   0.654219
      0.17   0.832615   0.558144   0.668295
      0.18   0.815022   0.574379    0.67386
      0.19    0.77934    0.60246   0.679579
       0.2   0.760757   0.620034   0.683225
      0.21   0.720271   0.636588   0.675849
      0.22   0.680704   0.657267    0.66878
      0.23   0.656893   0.672794   0.664748
      0.24   0.622836   0.692536    0.65584
      0.25   0.592737   0.705836   0.644361
      0.26   0.569279   0.728319   0.639052
      0.27   0.554087   0.735418   0.632003
      0.28   0.533526   0.748603   0.623025
      0.29   0.523423   0.762317   0.620676
       0.3   0.504911   0.781398   0.613439
      0.31   0.488306   0.802699   0.607221
      0.32   0.477567    0.81479   0.602181
      0.33   0.466474   0.831037   0.597539
      0.34   0.457783   0.849158    0.59487
      0.35   0.448809   0.874689   0.593229
      0.36   0.422808   0.886364   0.572517
      0.37   0.413269   0.903901   0.567208
      0.38   0.401116    0.91692    0.55809
      0.39   0.377729    0.93459   0.538012
       0.4   0.361549   0.943794   0.522817
      0.41   0.334982   0.951031   0.495451
      0.42   0.307426   0.962575   0.466016
      0.43   0.277044   0.969502   0.430942
      0.44   0.262559   0.974182   0.413636
      0.45   0.250901   0.977982   0.399349
      0.46   0.223062    0.98364   0.363657
      0.47   0.211121   0.982379   0.347551
      0.48   0.197131   0.987437   0.328651
      0.49   0.184908   0.986264   0.311428
       0.5   0.162722   0.986755   0.279373
      0.51   0.129443   0.992453   0.229015
      0.52   0.122094          1   0.217619
      0.53   0.111566          1   0.200737
      0.54   0.110083          1   0.198332
      0.55  0.0993429          1   0.180731
      0.56  0.0953861          1    0.17416
      0.57  0.0895923          1   0.164451
      0.58  0.0859888          1    0.15836
      0.59  0.0852116          1   0.157041
       0.6  0.0842224          1    0.15536
      0.61  0.0835159          1   0.154157
      0.62  0.0784286          1    0.14545
      0.63  0.0738359          1   0.137518
      0.64  0.0705151          1    0.13174
      0.65  0.0699498          1   0.130753
      0.66  0.0652159          1   0.122446
      0.67  0.0628135          1   0.118202
      0.68  0.0599166          1   0.113059
      0.69  0.0586448          1   0.110792
       0.7  0.0582209          1   0.110035
      0.71  0.0523564          1  0.0995032
      0.72  0.0486116          1  0.0927161
      0.73  0.0477637          1  0.0911727
      0.74  0.0449375          1  0.0860099
      0.75  0.0416873          1   0.080038
      0.76  0.0387197          1  0.0745528
      0.77  0.0328552          1  0.0636202
      0.78  0.0324313          1  0.0628251
      0.79  0.0260016          1  0.0506852
       0.8  0.0223274          1  0.0436796
      0.81  0.0197838          1     0.0388
      0.82  0.0142019          1  0.0280061
      0.83  0.0132127          1  0.0260809
      0.84  0.0126475          1  0.0249791
      0.85  0.0126475          1  0.0249791
      0.86  0.0126475          1  0.0249791
      0.87   0.011517          1  0.0227717
      0.88 0.00770155          1  0.0152854
      0.89 0.00770155          1  0.0152854
       0.9 0.00706564          1  0.0140321
      0.91  0.0066417          1  0.0131958
      0.92 0.00579382          1  0.0115209
      0.93 0.00536989          1  0.0106824
      0.94 0.00536989          1  0.0106824
      0.95 0.00374479          1 0.00746164
      0.96 0.00339151          1 0.00676009
      0.97 0.00339151          1 0.00676009
      0.98 0.00339151          1 0.00676009
      0.99 0.00303823          1 0.00605804
