         0          1   0.265439    0.41952
      0.01   0.998722   0.244149   0.392378
      0.02   0.998722   0.245049   0.393538
      0.03   0.998682   0.246407   0.395285
      0.04   0.998003    0.24893   0.398471
      0.05   0.997164   0.250961   0.401001
      0.06   0.996326   0.254851   0.405881
      0.07   0.994369   0.256735   0.408102
      0.08   0.990295   0.261148   0.413305
      0.09   0.984065   0.263908   0.416199
       0.1   0.976317   0.267311   0.419708
      0.11   0.971285   0.272887   0.426068
      0.12   0.963777   0.276617   0.429859
      0.13   0.953113   0.282788   0.436166
      0.14   0.950837   0.286286   0.440071
      0.15   0.943009   0.292247   0.446209
      0.16   0.937937   0.296346   0.450389
      0.17   0.930668   0.302635   0.456746
      0.18   0.924837   0.306507   0.460422
      0.19   0.909142   0.312934   0.465603
       0.2   0.903311   0.316752   0.469034
      0.21   0.885019   0.320255    0.47032
      0.22   0.875714   0.324305   0.473324
      0.23   0.866808   0.328554   0.476497
      0.24   0.843444   0.333101   0.477588
      0.25   0.832501   0.336375   0.479149
      0.26   0.813291   0.343446   0.482947
      0.27   0.805823   0.348422   0.486494
      0.28   0.790687    0.35531   0.490296
      0.29   0.779384   0.361473   0.493885
       0.3   0.757219   0.369933   0.497041
      0.31   0.739007   0.376786   0.499103
      0.32    0.72431   0.382916   0.500981
      0.33   0.706298   0.391757   0.503977
      0.34   0.690882   0.396886   0.504154
      0.35    0.66672   0.404537   0.503545
      0.36   0.652582    0.41086   0.504249
      0.37   0.633931   0.418903   0.504458
      0.38   0.622549   0.423433   0.504039
      0.39   0.606254   0.431109   0.503896
       0.4   0.592635   0.437801   0.503585
      0.41    0.55797   0.444596   0.494872
      0.42   0.533448   0.453317   0.490129
      0.43   0.524662   0.463742   0.492324
      0.44   0.495906   0.468061   0.481582
      0.45   0.471425   0.469118   0.470268
      0.46   0.434642   0.479227   0.455847
      0.47   0.419346   0.483676   0.449219
      0.48   0.388913   0.490876   0.433986
      0.49    0.37821   0.500772   0.430946
       0.5   0.362315   0.513245   0.424771
      0.51   0.353289   0.516839   0.419693
      0.52   0.341347   0.519868   0.412105
      0.53   0.328368   0.526042   0.404338
      0.54   0.316786   0.528799   0.396213
      0.55   0.295339   0.534057   0.380344
      0.56   0.279923   0.537143   0.368046
      0.57    0.26303   0.541406   0.354051
      0.58   0.248213   0.537555   0.339612
      0.59   0.232397   0.541768   0.325268
       0.6   0.226606   0.552021   0.321313
      0.61   0.206678    0.54944   0.300368
      0.62    0.19897    0.55533   0.292971
      0.63   0.187987   0.557569   0.281174
      0.64   0.171972   0.568047   0.264015
      0.65   0.158033   0.579214   0.248316
      0.66   0.144335   0.584958   0.231539
      0.67   0.133671   0.585652   0.217663
      0.68   0.126603   0.595745   0.208827
      0.69   0.122529   0.595447   0.203236
       0.7   0.111187   0.595703   0.187396
      0.71   0.105515   0.611111   0.179959
      0.72  0.0972084   0.616307    0.16793
      0.73  0.0886617   0.609164   0.154794
      0.74  0.0871041   0.618076    0.15269
      0.75  0.0805144   0.637874   0.142981
      0.76  0.0785974   0.636042   0.139906
      0.77  0.0735652   0.635294   0.131861
      0.78   0.069891   0.646552   0.126146
      0.79  0.0641399   0.661692   0.116944
       0.8  0.0621431   0.663043   0.113636
      0.81  0.0567115   0.649682   0.104317
      0.82  0.0534366   0.639098  0.0986268
      0.83  0.0522385   0.635593  0.0965423
      0.84  0.0478054   0.643564  0.0889997
      0.85  0.0458085   0.629213  0.0853997
      0.86  0.0418946   0.695652  0.0790298
      0.87  0.0393786   0.677419  0.0744305
      0.88  0.0315508   0.686275   0.060328
      0.89  0.0275969    0.72093   0.053159
       0.9   0.021167   0.766667  0.0411966
      0.91  0.0146571    0.73913  0.0287443
      0.92  0.0123807   0.764706  0.0243669
      0.93 0.00982467   0.733333  0.0193896
      0.94 0.00810735   0.636364  0.0160107
      0.95  0.0069891   0.666667  0.0138332
      0.96 0.00611047        0.6  0.0120977
      0.97  0.0030752        0.5 0.00611281
      0.98  0.0030752        0.5 0.00611281
      0.99  0.0024362   0.333333 0.00483705
