         0          1    0.32957   0.495755
      0.01   0.998085   0.302452   0.464228
      0.02   0.998085     0.3186   0.483016
      0.03   0.998043   0.327552   0.493229
      0.04   0.997915    0.33804    0.50501
      0.05   0.997702    0.34713   0.515056
      0.06   0.996724   0.360257   0.529229
      0.07   0.995362   0.365993   0.535196
      0.08   0.988512   0.376248   0.545041
      0.09   0.987193   0.383427   0.552329
       0.1   0.974726   0.395405   0.562591
      0.11   0.962429   0.411921   0.576919
      0.12   0.950217   0.424321   0.586665
      0.13   0.924645   0.446353   0.602069
      0.14   0.910433   0.459291   0.610567
      0.15   0.869841   0.478782   0.617614
      0.16   0.853587   0.493213   0.625186
      0.17   0.826866   0.515716   0.635236
      0.18   0.810442   0.529538   0.640547
      0.19   0.776062   0.550333    0.64399
       0.2   0.747681   0.565233    0.64378
      0.21    0.70794   0.584876    0.64055
      0.22   0.686835   0.608512   0.645306
      0.23    0.66556   0.620494   0.642238
      0.24   0.640924   0.640804   0.640864
      0.25     0.6265   0.652501   0.639236
      0.26   0.608118   0.670939   0.637986
      0.27   0.591311   0.685148   0.634781
      0.28   0.562846   0.698899   0.623537
      0.29   0.550677   0.710359   0.620408
       0.3   0.533487     0.7244   0.614455
      0.31   0.519445   0.738409   0.609869
      0.32   0.500638   0.748277   0.599906
      0.33   0.490894   0.761891   0.597082
      0.34   0.475491   0.769541   0.587792
      0.35   0.460514   0.779035    0.57885
      0.36   0.454174   0.783299   0.574969
      0.37   0.439069   0.791375   0.564785
      0.38   0.428134   0.797864   0.557248
      0.39   0.414858   0.801545   0.546739
       0.4   0.406944   0.806153   0.540862
      0.41   0.391371   0.811227   0.528008
      0.42   0.382095   0.810312   0.519313
      0.43   0.373415   0.812593    0.51169
      0.44   0.364224   0.816208   0.503685
      0.45   0.359203   0.818533   0.499297
      0.46   0.348524   0.826344   0.490269
      0.47   0.339971   0.825654   0.481627
      0.48   0.324185   0.825798   0.465592
      0.49   0.314484   0.825475   0.455453
       0.5   0.300102   0.829528   0.440752
      0.51   0.284359    0.82541   0.422994
      0.52   0.271339   0.822971   0.408118
      0.53   0.257723   0.825722   0.392835
      0.54   0.247511   0.826471   0.380938
      0.55   0.241894   0.824507    0.37405
      0.56   0.234108   0.821235   0.364351
      0.57   0.218322   0.816568   0.344529
      0.58   0.211259   0.814677   0.335513
      0.59   0.192877   0.812245    0.31173
       0.6   0.183686   0.811782   0.299584
      0.61   0.174666   0.819466   0.287955
      0.62   0.164199   0.818493   0.273525
      0.63    0.15671   0.818018   0.263031
      0.64   0.144669   0.812865   0.245623
      0.65   0.137946   0.811475   0.235806
      0.66   0.132712   0.827051   0.228722
      0.67   0.126542   0.823666   0.219381
      0.68   0.121947   0.823232   0.212427
      0.69   0.118543   0.823219   0.207243
       0.7   0.112841   0.830357   0.198683
      0.71   0.108501   0.846154   0.192339
      0.72   0.105395   0.866438    0.18793
      0.73   0.091439    0.87451   0.165566
      0.74  0.0887584   0.879668   0.161247
      0.75  0.0864607   0.889868   0.157608
      0.76  0.0834823   0.920561   0.153082
      0.77  0.0829717   0.926829   0.152308
      0.78   0.081142   0.925926   0.149208
      0.79   0.075951    0.94186   0.140567
       0.8  0.0698664   0.939024   0.130056
      0.81  0.0691005   0.953333   0.128861
      0.82  0.0577398    0.96124   0.108936
      0.83  0.0548038   0.966667   0.103727
      0.84   0.048932   0.963303  0.0931332
      0.85  0.0473577   0.971429  0.0903126
      0.86  0.0408901   0.989247  0.0785341
      0.87  0.0393158          1  0.0756571
      0.88  0.0388478          1  0.0747901
      0.89  0.0349757          1  0.0675876
       0.9  0.0321675          1    0.06233
      0.91  0.0259978          1  0.0506781
      0.92  0.0234448          1  0.0458155
      0.93  0.0230619          1   0.045084
      0.94  0.0208493          1  0.0408469
      0.95  0.0187644          1  0.0368375
      0.96  0.0157008          1  0.0309162
      0.97  0.0122117          1  0.0241288
      0.98 0.00731853          1  0.0145307
      0.99 0.00323377          1 0.00644669
