         0          1   0.256164   0.407851
      0.01   0.995705   0.234365   0.379423
      0.02   0.995531   0.244603   0.392716
      0.03   0.995531   0.251689   0.401796
      0.04   0.995473   0.262317    0.41522
      0.05   0.995473   0.271052   0.426087
      0.06   0.995241   0.287884   0.446587
      0.07   0.994719   0.300986   0.462137
      0.08   0.994138   0.322278   0.486759
      0.09   0.992571   0.339919   0.506411
       0.1    0.99054   0.364905   0.533335
      0.11   0.979338   0.389389   0.557224
      0.12    0.97812   0.405696   0.573515
      0.13   0.970459   0.427831   0.593858
      0.14   0.967615   0.442003   0.606815
      0.15   0.961463   0.461847   0.623966
      0.16     0.9574   0.475473   0.635392
      0.17   0.945908   0.493987   0.649028
      0.18   0.940627   0.505551   0.657644
      0.19   0.926349   0.519695   0.665843
       0.2   0.919559   0.527292    0.67025
      0.21   0.910679   0.541651   0.679281
      0.22   0.900929   0.553092   0.685405
      0.23   0.890017   0.559553   0.687116
      0.24   0.869704   0.573529   0.691227
      0.25   0.864597   0.584647   0.697583
      0.26   0.850493   0.595148    0.70027
      0.27   0.841497   0.599673   0.700297
      0.28   0.818456   0.608292   0.697895
      0.29   0.805049   0.611131   0.694813
       0.3   0.793035   0.616124   0.693475
      0.31   0.773476   0.624273   0.690911
      0.32   0.759779   0.629267   0.688392
      0.33   0.744399   0.636553   0.686265
      0.34   0.738595   0.640575   0.686102
      0.35   0.721648   0.649494   0.683673
      0.36   0.712072   0.655148   0.682425
      0.37   0.704353   0.664563    0.68388
      0.38   0.696228   0.670263   0.682999
      0.39   0.679629   0.680456   0.680042
       0.4   0.668427   0.688015    0.67808
      0.41   0.649623   0.696776   0.672374
      0.42   0.630934   0.700802   0.664035
      0.43   0.613639   0.706571   0.656834
      0.44   0.568427   0.707206   0.630267
      0.45   0.554266   0.715072   0.624483
      0.46   0.533546   0.720582   0.613117
      0.47   0.510737   0.722038   0.598279
      0.48   0.482124   0.730152   0.580765
      0.49   0.464887   0.736645   0.570033
       0.5   0.428497   0.743394   0.543638
      0.51   0.402554   0.749307   0.523737
      0.52   0.389843   0.753262   0.513783
      0.53   0.359721    0.74549    0.48528
      0.54   0.344806   0.742261   0.470874
      0.55   0.320429   0.743857   0.447913
      0.56   0.295705   0.743893   0.423188
      0.57    0.27928   0.748936   0.406846
      0.58   0.267092   0.743979    0.39307
      0.59    0.24794   0.735708   0.370887
       0.6   0.242542   0.733397    0.36453
      0.61   0.232966   0.725331   0.352662
      0.62   0.216657   0.727173   0.333846
      0.63   0.205514   0.732798   0.321002
      0.64   0.192455   0.736585   0.305174
      0.65   0.186941   0.735777   0.298135
      0.66   0.175508   0.731183    0.28307
      0.67    0.17278   0.728291   0.279299
      0.68   0.165119   0.727273   0.269134
      0.69   0.159663   0.723027   0.261566
       0.7   0.146257   0.707746   0.242417
      0.71   0.134417   0.701349   0.225597
      0.72   0.129193   0.691057   0.217689
      0.73   0.118108    0.67706    0.20113
      0.74   0.110215   0.666667   0.189158
      0.75  0.0941962   0.677249   0.165389
      0.76  0.0885084   0.696532   0.157059
      0.77  0.0842136   0.811388    0.15259
      0.78  0.0788741   0.884774   0.144837
      0.79  0.0669762   0.900474   0.124679
       0.8  0.0615786       0.91   0.115352
      0.81  0.0573999   0.922222   0.108073
      0.82  0.0536854   0.932515   0.101526
      0.83  0.0512478   0.930818   0.097147
      0.84  0.0475914   0.937931  0.0905864
      0.85  0.0440511   0.929688  0.0841165
      0.86  0.0365641   0.927835  0.0703557
      0.87  0.0237377   0.902778   0.046259
      0.88  0.0160766   0.891304  0.0315835
      0.89  0.0114335   0.911765  0.0225839
       0.9 0.00319211   0.863636  0.0063607
      0.91 0.00319211          1  0.0063639
      0.92 0.00319211          1  0.0063639
      0.93 0.00319211          1  0.0063639
      0.94 0.00307603          1 0.00613319
      0.95 0.00307603          1 0.00613319
      0.96 0.00307603          1 0.00613319
      0.97 0.00278584          1  0.0055562
      0.98 0.00266976          1 0.00532531
      0.99 0.00226349          1 0.00451676
