         0          1   0.382258   0.553092
      0.01   0.995347   0.377774   0.547682
      0.02   0.993951   0.400713   0.571161
      0.03   0.991016   0.421593   0.591538
      0.04   0.989405   0.451289   0.619851
      0.05   0.987544   0.466963   0.634093
      0.06   0.981746   0.483337   0.647764
      0.07   0.977988   0.490081   0.652957
      0.08   0.970364   0.495836   0.656311
      0.09   0.964172   0.499567   0.658135
       0.1   0.951466   0.501935   0.657181
      0.11    0.94037    0.50545   0.657495
      0.12   0.931744   0.508952   0.658311
      0.13   0.913991   0.515611   0.659294
      0.14   0.903755   0.519177   0.659495
      0.15    0.88593   0.521912    0.65686
      0.16   0.869108   0.523407   0.653346
      0.17   0.844805   0.525829   0.648201
      0.18   0.832313   0.528336   0.646369
      0.19   0.797308   0.529754    0.63656
       0.2    0.78181   0.533896   0.634496
      0.21   0.763234   0.539276   0.632001
      0.22   0.747378   0.542821   0.628883
      0.23   0.730699   0.543989    0.62367
      0.24   0.707255   0.546804   0.616765
      0.25   0.688357   0.546697   0.609403
      0.26   0.670174   0.550159   0.604265
      0.27   0.651706   0.551997   0.597721
      0.28   0.639644   0.558542   0.596348
      0.29   0.626078   0.560425   0.591435
       0.3    0.60063   0.564216   0.581854
      0.31   0.574573   0.567965    0.57125
      0.32   0.547407    0.57013   0.558537
      0.33   0.530835   0.576779   0.552854
      0.34   0.516447   0.578431   0.545684
      0.35   0.495508   0.584651   0.536401
      0.36   0.479581   0.587938    0.52826
      0.37   0.464691   0.594003    0.52145
      0.38   0.451627   0.599253   0.515071
      0.39   0.434339     0.6062   0.506077
       0.4   0.421812   0.612598   0.499611
      0.41   0.413794    0.62321   0.497357
      0.42   0.400408   0.631687   0.490134
      0.43    0.39146   0.636891   0.484888
      0.44   0.380472   0.647431   0.479285
      0.45   0.375819   0.652186   0.476853
      0.46   0.373134   0.667059    0.47857
      0.47    0.36458   0.671493   0.472579
      0.48   0.350013   0.679483   0.462027
      0.49   0.341923    0.68486   0.456123
       0.5   0.336769   0.697525   0.454232
      0.51   0.325316   0.703312   0.444862
      0.52   0.318515   0.709294   0.439617
      0.53   0.308028    0.71211    0.43004
      0.54   0.305809    0.71791   0.428913
      0.55     0.2984      0.725   0.422787
      0.56   0.294928   0.730677   0.420234
      0.57   0.291814   0.740862   0.418707
      0.58   0.287985   0.748629   0.415958
      0.59     0.2819    0.75956   0.411192
       0.6   0.275529   0.768254   0.405594
      0.61   0.265901   0.784926   0.397235
      0.62   0.255449    0.80091   0.387353
      0.63   0.250868   0.820621   0.384264
      0.64   0.236837   0.847582   0.370224
      0.65   0.229822   0.872856   0.363844
      0.66    0.22116   0.892095   0.354449
      0.67    0.21529   0.907469   0.348016
      0.68    0.20602    0.92031   0.336673
      0.69   0.198504   0.921397   0.326638
       0.7   0.188697   0.925984   0.313507
      0.71   0.177709   0.930976   0.298448
      0.72   0.172268   0.936632   0.291012
      0.73   0.166899   0.941774   0.283549
      0.74   0.160994   0.943853   0.275069
      0.75   0.150184   0.943975    0.25914
      0.76   0.144422   0.947778    0.25065
      0.77   0.135617   0.949214   0.237326
      0.78   0.128315   0.953046   0.226179
      0.79   0.121014   0.957507   0.214871
       0.8   0.113461   0.960184   0.202942
      0.81   0.105086   0.966667   0.189565
      0.82  0.0931315   0.974104   0.170009
      0.83  0.0844339   0.980088   0.155474
      0.84  0.0720856   0.989276   0.134379
      0.85  0.0641755   0.991018   0.120545
      0.86   0.055657   0.996403   0.105425
      0.87  0.0489638          1  0.0933565
      0.88  0.0367587          1  0.0709107
      0.89  0.0316762          1  0.0614072
       0.9  0.0267726          1  0.0521491
      0.91  0.0201868          1  0.0395748
      0.92  0.0174308          1  0.0342644
      0.93 0.00937757          1  0.0185809
      0.94 0.00683632          1  0.0135798
      0.95 0.00533305          1  0.0106095
      0.96 0.00332868          1 0.00663527
      0.97 0.00103798          1  0.0020738
      0.98 0.000357923          1 0.000715589
      0.99 0.00032213          1 0.000644053
