         0          1   0.173626   0.295879
      0.01   0.996702   0.144153   0.251876
      0.02   0.996023   0.157938   0.272643
      0.03   0.994761   0.174694   0.297196
      0.04   0.987971   0.214667   0.352699
      0.05   0.982441   0.250039   0.398624
      0.06   0.965464    0.31331   0.473093
      0.07   0.942763   0.361486   0.522593
      0.08   0.920256   0.447403   0.602088
      0.09   0.897361   0.509351   0.649844
       0.1   0.876019   0.596779   0.709927
      0.11   0.840512     0.6489   0.732381
      0.12   0.823826   0.675975   0.742613
      0.13   0.796566   0.707216   0.749236
      0.14   0.780559   0.727273   0.752974
      0.15    0.76688   0.757812   0.762319
      0.16   0.759119   0.766333   0.762709
      0.17   0.752619   0.777228   0.764726
      0.18   0.747478   0.790219   0.768254
      0.19   0.745149   0.807848   0.775233
       0.2   0.742821   0.813149   0.776396
      0.21   0.733993   0.823144   0.776016
      0.22   0.721867   0.832576   0.773279
      0.23   0.721575   0.841049   0.776745
      0.24   0.718762   0.851438   0.779495
      0.25    0.71818   0.860636   0.782981
      0.26   0.716822   0.863447   0.783332
      0.27     0.7143    0.87457   0.786352
      0.28    0.70586   0.889991   0.787303
      0.29   0.700524   0.892759   0.785044
       0.3   0.695673   0.898951   0.784356
      0.31   0.684517   0.914513   0.782974
      0.32   0.673458   0.913442   0.775303
      0.33   0.664629     0.9158   0.770256
      0.34   0.664532   0.921941   0.772354
      0.35   0.660652   0.925163   0.770847
      0.36   0.658324    0.92511   0.769242
      0.37   0.642123   0.924138   0.757741
      0.38   0.630869   0.924439   0.749948
      0.39    0.62922   0.936585   0.752735
       0.4   0.618646   0.939163   0.745931
      0.41   0.606519   0.944737   0.738758
      0.42   0.601766   0.947439   0.736037
      0.43    0.59449   0.949246   0.731106
      0.44   0.584109    0.95339   0.724402
      0.45   0.581393   0.952722   0.722118
      0.46   0.575087    0.95421   0.717655
      0.47   0.571207   0.953593   0.714453
      0.48   0.558983   0.953988   0.704922
      0.49   0.558692   0.953775   0.704632
       0.5   0.546275   0.954331   0.694822
      0.51   0.538902    0.95624   0.689325
      0.52   0.529783   0.955738   0.681691
      0.53   0.508731      0.955   0.663835
      0.54   0.506597   0.954774   0.661961
      0.55   0.502134   0.960616   0.659522
      0.56   0.500582   0.960208   0.658086
      0.57   0.499515   0.961336   0.657427
      0.58   0.493791   0.964539   0.653187
      0.59   0.491366   0.964413   0.651032
       0.6   0.488262   0.965889   0.648635
      0.61   0.487388    0.96745   0.648215
      0.62   0.485351   0.970642   0.647122
      0.63   0.483508   0.972067   0.645796
      0.64   0.477784   0.975332   0.641378
      0.65   0.474001   0.978682   0.638675
      0.66   0.472837   0.982318   0.638387
      0.67    0.46527   0.984158   0.631834
      0.68   0.460613    0.99591   0.629896
      0.69   0.446837          1   0.617675
       0.7    0.41851          1    0.59007
      0.71   0.400854          1   0.572299
      0.72   0.377474          1   0.548067
      0.73   0.319946          1   0.484786
      0.74   0.295208          1   0.455846
      0.75   0.273574          1   0.429616
      0.76   0.264261          1   0.418048
      0.77   0.239717          1   0.386728
      0.78   0.229919          1   0.373876
      0.79   0.198293          1   0.330959
       0.8   0.188688          1   0.317473
      0.81   0.160652          1    0.27683
      0.82   0.132324          1   0.233722
      0.83   0.117579          1   0.210417
      0.84   0.106907          1   0.193164
      0.85    0.10293          1   0.186648
      0.86  0.0926465          1   0.169582
      0.87  0.0801319          1   0.148374
      0.88  0.0715949          1   0.133623
      0.89  0.0674234          1   0.126329
       0.9  0.0444315          1  0.0850827
      0.91  0.0334692          1  0.0647705
      0.92  0.0334692          1  0.0647705
      0.93  0.0282305          1  0.0549108
      0.94  0.0223128          1  0.0436515
      0.95  0.0223128          1  0.0436515
      0.96  0.0139697          1  0.0275545
      0.97  0.0097012          1   0.019216
      0.98  0.0097012          1   0.019216
      0.99 0.00543267          1  0.0108066
