         0          1   0.331079    0.49746
      0.01   0.999627   0.298117   0.459267
      0.02   0.999627   0.298186    0.45935
      0.03   0.999627   0.298108   0.459257
      0.04   0.999627   0.297902   0.459013
      0.05   0.999627   0.298048   0.459186
      0.06   0.999502   0.297292   0.458275
      0.07   0.999502   0.297143   0.458098
      0.08   0.998839    0.29629   0.457014
      0.09   0.998383   0.295245   0.455723
       0.1   0.998217   0.294187   0.454444
      0.11   0.997138   0.293718   0.453772
      0.12   0.996102   0.293404   0.453291
      0.13   0.991415    0.29382   0.453299
      0.14   0.988553   0.293976   0.453184
      0.15   0.982789   0.293437   0.451937
      0.16   0.978807   0.293389   0.451457
      0.17   0.968937   0.292792   0.449696
      0.18    0.96114   0.293144   0.449265
      0.19   0.950564   0.293554   0.448578
       0.2   0.944302   0.294561   0.449048
      0.21   0.938039    0.29575   0.449712
      0.22   0.930491   0.297038   0.450321
      0.23   0.921699   0.297355   0.449646
      0.24   0.909174   0.298757   0.449732
      0.25   0.901916   0.299046   0.449164
      0.26   0.886032   0.300909   0.449247
      0.27   0.877447   0.302547   0.449949
      0.28   0.867452   0.304555   0.450828
      0.29   0.857042   0.306272   0.451277
       0.3   0.836513   0.307904   0.450125
      0.31   0.816398   0.309734   0.449088
      0.32    0.80744   0.311038   0.449083
      0.33   0.786787   0.314328   0.449197
      0.34    0.77281   0.316964   0.449548
      0.35   0.754147   0.319517    0.44886
      0.36   0.739715   0.321209   0.447917
      0.37   0.720761   0.326347   0.449272
      0.38   0.713172    0.33023   0.451429
      0.39   0.699859   0.333975   0.452172
       0.4    0.69144   0.338582   0.454571
      0.41   0.676261   0.343261   0.455378
      0.42   0.663694   0.349172     0.4576
      0.43   0.649552    0.35346   0.457803
      0.44   0.631345   0.359324   0.457989
      0.45   0.622885   0.364634   0.459991
      0.46   0.602895   0.370432   0.458904
      0.47   0.595098   0.374946    0.46004
      0.48   0.576145   0.380056   0.457994
      0.49    0.56644   0.386561   0.459525
       0.5    0.55039   0.395192   0.460055
      0.51   0.534008   0.399742   0.457222
      0.52   0.524925   0.407257   0.458665
      0.53    0.50958   0.416322   0.458255
      0.54   0.501991   0.424798    0.46018
      0.55   0.481213   0.434043   0.456412
      0.56   0.466116   0.438719   0.452003
      0.57   0.449444   0.444384     0.4469
      0.58   0.438786   0.448315   0.443499
      0.59   0.421118   0.456359   0.438031
       0.6   0.406271   0.464475   0.433428
      0.61   0.386447   0.469823   0.424076
      0.62   0.366664   0.478868   0.415321
      0.63   0.353019   0.483968    0.40825
      0.64   0.331038   0.489292   0.394901
      0.65   0.317643   0.492103   0.386079
      0.66    0.29927   0.497812   0.373814
      0.67    0.28633   0.503218   0.364985
      0.68   0.267336    0.50356   0.349255
      0.69   0.248134   0.502453   0.332208
       0.7   0.222877   0.507064   0.309649
      0.71   0.203633   0.508741   0.290849
      0.72   0.195255   0.510942   0.282539
      0.73   0.175473   0.516026   0.261891
      0.74   0.167012   0.521095   0.252953
      0.75   0.156022   0.533672   0.241454
      0.76   0.146442   0.551481   0.231429
      0.77   0.132838   0.557692   0.214568
      0.78   0.121433   0.558929   0.199519
      0.79   0.108079   0.566265   0.181514
       0.8    0.10613   0.575221   0.179197
      0.81  0.0976277    0.59194   0.167612
      0.82   0.088006   0.612426   0.153897
      0.83  0.0773889   0.619205   0.137583
      0.84  0.0681403   0.644788   0.123255
      0.85  0.0628318   0.648536   0.114564
      0.86  0.0559058   0.641414   0.102847
      0.87   0.053293   0.632768  0.0983064
      0.88  0.0467817   0.594595  0.0867389
      0.89  0.0379064   0.596774  0.0712849
       0.9  0.0275796   0.585859  0.0526793
      0.91  0.0218149   0.561644  0.0419985
      0.92  0.0197827        0.5  0.0380595
      0.93  0.0126078   0.404255   0.024453
      0.94  0.0109074   0.405405  0.0212433
      0.95 0.00779695   0.458333  0.0153331
      0.96 0.00514267   0.380952  0.0101483
      0.97 0.00456204   0.428571 0.00902799
      0.98 0.00435468   0.454545 0.00862671
      0.99   0.003857   0.428571  0.0076452
