         0          1   0.339259   0.506637
      0.01   0.998454   0.305521   0.467876
      0.02    0.99683   0.310603   0.473628
      0.03   0.996405   0.322326   0.487085
      0.04   0.995516   0.351379   0.519422
      0.05   0.994898   0.382429   0.552488
      0.06   0.993467   0.444291   0.613995
      0.07   0.991844    0.49381   0.659349
      0.08   0.988404   0.582834   0.733276
      0.09   0.986278   0.644509   0.779581
       0.1   0.981678   0.722077     0.8321
      0.11   0.976652   0.777687   0.865887
      0.12    0.97329    0.80725   0.882528
      0.13   0.968303   0.836046   0.897327
      0.14   0.966216   0.850618   0.904739
      0.15   0.958562   0.863424   0.908509
      0.16   0.948782   0.868006   0.906599
      0.17   0.932393   0.876556   0.903613
      0.18   0.919289    0.87757   0.897945
      0.19   0.897681   0.883042   0.890301
       0.2   0.884615    0.88602   0.885317
      0.21   0.858523   0.890246   0.874097
      0.22   0.823386   0.895519   0.857939
      0.23   0.796289   0.894973   0.842752
      0.24   0.765906   0.896236   0.825961
      0.25   0.750445   0.897866   0.817563
      0.26    0.72845   0.902936   0.806362
      0.27    0.71523   0.907582   0.800006
      0.28   0.688442   0.913043   0.784993
      0.29   0.677658    0.91538   0.778781
       0.3   0.658678   0.923898   0.769064
      0.31   0.634712    0.92963   0.754371
      0.32    0.61322   0.930124   0.739136
      0.33   0.581639   0.930556   0.715844
      0.34   0.547004   0.929176   0.688619
      0.35   0.519366   0.931363   0.666862
      0.36   0.505876   0.930487    0.65542
      0.37   0.476459   0.936999   0.631702
      0.38   0.464901   0.941671   0.622484
      0.39   0.445922   0.942203   0.605348
       0.4   0.428875   0.941704   0.589347
      0.41   0.401198   0.942213   0.562768
      0.42   0.366177   0.937947   0.526721
      0.43   0.345651   0.935622   0.504809
      0.44   0.314264   0.933845   0.470269
      0.45   0.298183   0.932221    0.45184
      0.46    0.25949      0.925   0.405285
      0.47   0.237882   0.920613   0.378072
      0.48   0.196869   0.918506   0.324241
      0.49   0.181832   0.920455   0.303675
       0.5   0.146656   0.910913   0.252638
      0.51   0.124932   0.906977   0.219614
      0.52   0.104871   0.902857   0.187914
      0.53  0.0874758   0.912621   0.159649
      0.54  0.0812911   0.910959   0.149262
      0.55   0.074024   0.908367   0.136892
      0.56  0.0678005   0.906667   0.126166
      0.57  0.0528411    0.90625  0.0998597
      0.58  0.0446077   0.893491   0.084973
      0.59  0.0361422   0.881579  0.0694377
       0.6  0.0314264   0.899281  0.0607304
      0.61  0.0308079   0.916667  0.0596123
      0.62  0.0284113   0.958678  0.0551871
      0.63   0.028102   0.958333  0.0546029
      0.64  0.0273676   0.965217  0.0532261
      0.65  0.0268651   0.972973  0.0522865
      0.66  0.0263239   0.972222  0.0512599
      0.67  0.0237727   0.971698    0.04641
      0.68  0.0222265   0.970297  0.0434576
      0.69  0.0222265   0.970297  0.0434576
       0.7  0.0222265   0.970297  0.0434576
      0.71  0.0215694   0.968085  0.0421986
      0.72  0.0215694   0.989011   0.042218
      0.73  0.0215694   0.988636  0.0422177
      0.74  0.0211055          1  0.0413386
      0.75  0.0205257          1  0.0402257
      0.76  0.0198686          1   0.038963
      0.77  0.0197913          1  0.0388143
      0.78  0.0178972          1   0.035165
      0.79  0.0178972          1   0.035165
       0.8   0.017356          1  0.0341198
      0.81  0.0142636          1  0.0281261
      0.82 0.00919985          1   0.018232
      0.83 0.00873599          1  0.0173207
      0.84 0.00506378          1  0.0100765
      0.85 0.00506378          1  0.0100765
      0.86 0.00506378          1  0.0100765
      0.87 0.00506378          1  0.0100765
      0.88 0.00498647          1 0.00992346
      0.89 0.00452261          1  0.0090045
       0.9 0.00436799          1 0.00869799
      0.91 0.00320835          1 0.00639618
      0.92 0.00320835          1 0.00639618
      0.93 0.00166216          1  0.0033188
      0.94 0.00150754          1 0.00301054
      0.95 0.00143023          1 0.00285637
      0.96 0.00143023          1 0.00285637
      0.97 0.00135292          1 0.00270218
      0.98 0.000618477          1 0.00123619
      0.99 0.000618477          1 0.00123619
