         0          1   0.393948   0.565226
      0.01   0.999859   0.382758   0.553594
      0.02   0.999823   0.383211   0.554062
      0.03   0.999823   0.383693   0.554565
      0.04   0.999717   0.384148   0.555024
      0.05   0.999717   0.385049   0.555964
      0.06   0.999434   0.386404   0.557331
      0.07   0.999363   0.387579   0.558541
      0.08   0.999328   0.390305   0.561361
      0.09   0.999293    0.39235   0.563467
       0.1   0.998833   0.395605   0.566742
      0.11   0.997878   0.398908   0.569967
      0.12   0.997312    0.40154   0.572556
      0.13   0.995366   0.406867   0.577624
      0.14   0.992218   0.408528   0.578762
      0.15   0.985887   0.414825   0.583947
      0.16   0.982881   0.419489   0.588016
      0.17   0.973083   0.426025   0.592603
      0.18   0.962153   0.429649   0.594033
      0.19   0.948182   0.437397    0.59864
       0.2   0.938384   0.442093   0.601029
      0.21   0.917445   0.449822   0.603667
      0.22   0.892013   0.459562   0.606604
      0.23    0.87974    0.46766   0.610686
      0.24   0.858128   0.478732   0.614595
      0.25   0.839559   0.487457   0.616796
      0.26    0.81204   0.499273   0.618357
      0.27   0.791419    0.50719     0.6182
      0.28    0.76001   0.517204   0.615528
      0.29   0.738434   0.526031   0.614393
       0.3   0.709465   0.537778   0.611805
      0.31    0.67558   0.549692   0.606169
      0.32   0.648309   0.558877   0.600281
      0.33   0.610498   0.575568   0.592519
      0.34   0.587719   0.584828    0.58627
      0.35   0.548387   0.594737   0.570622
      0.36   0.521116   0.600824   0.558139
      0.37   0.495154   0.609296   0.546327
      0.38   0.463674   0.619048   0.530213
      0.39   0.436722   0.630074   0.515876
       0.4    0.41267   0.642211   0.502466
      0.41   0.383206   0.653356   0.483078
      0.42   0.350099   0.667332   0.459259
      0.43   0.327356   0.677372   0.441396
      0.44   0.303304   0.687552   0.420923
      0.45   0.277059   0.692661     0.3958
      0.46   0.250778    0.69556   0.368645
      0.47   0.230864   0.695906   0.346709
      0.48   0.200799   0.709115   0.312974
      0.49   0.187005   0.717391   0.296674
       0.5   0.175332   0.734114    0.28306
      0.51   0.158213   0.748092   0.261188
      0.52   0.146187   0.748936   0.244625
      0.53   0.141872   0.765258   0.239367
      0.54    0.13501   0.764706   0.229501
      0.55   0.123267   0.764012   0.212284
      0.56   0.112514   0.761438   0.196058
      0.57  0.0977646   0.776923   0.173675
      0.58  0.0906904   0.792373   0.162753
      0.59  0.0822722   0.865285   0.150258
       0.6   0.075092   0.869318   0.138242
      0.61  0.0693265    0.88961   0.128629
      0.62  0.0616865   0.888889   0.115367
      0.63   0.056487   0.901639   0.106314
      0.64   0.048564   0.893805  0.0921225
      0.65  0.0476443   0.923077  0.0906117
      0.66  0.0389431   0.931818  0.0747618
      0.67  0.0365379   0.951807  0.0703743
      0.68  0.0333546   0.961039  0.0644715
      0.69  0.0316214   0.959459   0.061225
       0.7  0.0288625          1  0.0561056
      0.71  0.0252193          1  0.0491979
      0.72  0.0250778          1  0.0489286
      0.73  0.0241228          1  0.0471092
      0.74  0.0238045          1   0.046502
      0.75  0.0238045          1   0.046502
      0.76  0.0235215          1  0.0459619
      0.77  0.0228848          1  0.0447457
      0.78  0.0226372          1  0.0442723
      0.79  0.0216469          1  0.0423764
       0.8  0.0173316          1  0.0340727
      0.81   0.015174          1  0.0298944
      0.82   0.015174          1  0.0298944
      0.83  0.0138299          1  0.0272826
      0.84  0.0126273          1  0.0249397
      0.85  0.0123797          1  0.0244567
      0.86 0.00788766          1  0.0156519
      0.87 0.00703877          1  0.0139791
      0.88 0.00703877          1  0.0139791
      0.89 0.00505801          1  0.0100651
       0.9 0.00481041          1 0.00957477
      0.91 0.00452745          1 0.00901408
      0.92 0.00452745          1 0.00901408
      0.93 0.00392615          1 0.00782158
      0.94 0.00392615          1 0.00782158
      0.95 0.00392615          1 0.00782158
      0.96 0.00392615          1 0.00782158
      0.97  0.0032541          1  0.0064871
      0.98  0.0026528          1 0.00529157
      0.99  0.0018039          1 0.00360131
