         0          1   0.310743   0.474148
      0.01    0.99639   0.275707   0.431904
      0.02    0.99611   0.281972   0.439526
      0.03   0.995909   0.292642    0.45236
      0.04   0.995227   0.312009   0.475079
      0.05   0.994786   0.317628   0.481513
      0.06   0.994064   0.321605   0.485982
      0.07   0.991497   0.324311   0.488754
      0.08   0.987206   0.328637   0.493117
      0.09   0.983837   0.332997   0.497579
       0.1   0.979425   0.340225    0.50502
      0.11   0.976296    0.34886   0.514038
      0.12   0.972526   0.355082   0.520223
      0.13   0.967192   0.364613   0.529583
      0.14   0.963623   0.372736   0.537546
      0.15   0.957205   0.388147   0.552326
      0.16   0.953636   0.398476   0.562086
      0.17    0.94782    0.41656   0.578759
      0.18   0.943328   0.428498   0.589309
      0.19   0.936911   0.446395   0.604685
       0.2   0.929491   0.461197   0.616498
      0.21   0.922753   0.486934   0.637475
      0.22   0.910921   0.516336   0.659084
      0.23   0.905306   0.537104    0.67421
      0.24   0.891509    0.56878   0.694482
      0.25   0.884892   0.587775   0.706361
      0.26   0.880279    0.61493   0.724059
      0.27    0.87298   0.632792    0.73373
      0.28   0.857177    0.65199   0.740635
      0.29   0.847511   0.666879   0.746422
       0.3   0.828019   0.691968   0.753905
      0.31   0.814383   0.713496   0.760608
      0.32   0.807765    0.72593   0.764664
      0.33   0.785184   0.743274   0.763655
      0.34   0.774877   0.752924   0.763742
      0.35   0.751935       0.77    0.76086
      0.36   0.733686   0.777665   0.755036
      0.37   0.707175   0.792418   0.747374
      0.38   0.684715   0.799612   0.737717
      0.39   0.658445   0.806425    0.72496
       0.4   0.642241   0.813426   0.717768
      0.41   0.619019   0.825478   0.707494
      0.42   0.596719   0.841206   0.698178
      0.43   0.577628   0.847296   0.686945
      0.44   0.543136   0.858627   0.665378
      0.45   0.526411   0.860843   0.653315
      0.46   0.512814   0.874194   0.646426
      0.47   0.498135   0.877371   0.635474
      0.48   0.472226    0.89132   0.617367
      0.49   0.462439   0.897928   0.610478
       0.5   0.448041   0.899671   0.598183
      0.51   0.420567   0.904933   0.574251
      0.52   0.402519   0.904807   0.557171
      0.53   0.383107   0.908905   0.539016
      0.54   0.362652   0.911861   0.518925
      0.55   0.341956   0.916569   0.498086
      0.56   0.326034   0.916145    0.48092
      0.57   0.307063   0.917456   0.460126
      0.58   0.293025    0.91954   0.444427
      0.59   0.270886   0.917058   0.418232
       0.6   0.257891   0.916949   0.402562
      0.61   0.224802   0.929389   0.362035
      0.62   0.211407   0.943983   0.345449
      0.63   0.203626   0.951754   0.335477
      0.64   0.187142   0.959698   0.313207
      0.65   0.174347    0.96477   0.295325
      0.66    0.15654   0.975758   0.269796
      0.67   0.150323   0.980583   0.260683
      0.68   0.136446   0.988722   0.239799
      0.69   0.130349   0.987805   0.230308
       0.7   0.115189   0.986111   0.206281
      0.71   0.107809   0.994949   0.194538
      0.72   0.102755   0.994536   0.186266
      0.73  0.0804155          1    0.14886
      0.74  0.0756427          1   0.140647
      0.75  0.0670597          1   0.125691
      0.76  0.0627281          1   0.118051
      0.77  0.0568323          1   0.107552
      0.78  0.0498536          1  0.0949725
      0.79  0.0478883          1  0.0913997
       0.8  0.0435166          1  0.0834038
      0.81  0.0389444          1  0.0749691
      0.82  0.0294389          1  0.0571941
      0.83  0.0265913          1   0.051805
      0.84  0.0215778          1  0.0422441
      0.85   0.017928          1  0.0352246
      0.86   0.011952          1  0.0236217
      0.87  0.0116713          1  0.0230733
      0.88 0.00846268          1  0.0167833
      0.89 0.00364978          1 0.00727302
       0.9 0.00364978          1 0.00727302
      0.91 0.00332892          1 0.00663575
      0.92 0.00296795          1 0.00591834
      0.93 0.00296795          1 0.00591834
      0.94 0.00296795          1 0.00591834
      0.95 0.00296795          1 0.00591834
      0.96 0.00296795          1 0.00591834
      0.97 0.00296795          1 0.00591834
      0.98 0.00248666          1 0.00496099
      0.99 0.00224602          1 0.00448197
