         0          1   0.172013   0.293534
      0.01   0.994908   0.135302   0.238209
      0.02   0.994908   0.136171   0.239554
      0.03   0.994908   0.137454   0.241538
      0.04   0.994693   0.141435   0.247655
      0.05   0.994693   0.145519   0.253894
      0.06   0.994693   0.153268    0.26561
      0.07   0.991179   0.159924   0.275411
      0.08   0.987378   0.169568   0.289431
      0.09   0.986517   0.177255   0.300514
       0.1    0.98078   0.189286    0.31733
      0.11   0.976477   0.201827   0.334514
      0.12   0.971099   0.211718   0.347643
      0.13   0.956612   0.227109   0.367072
      0.14   0.942341   0.236676   0.378331
      0.15   0.913153   0.253484   0.396815
      0.16   0.897088   0.265012   0.409155
      0.17   0.869119   0.283119   0.427107
      0.18   0.854203   0.295423   0.439015
      0.19   0.820711   0.312716   0.452873
       0.2   0.805579   0.325189   0.463341
      0.21   0.772088    0.34507   0.476969
      0.22   0.753586   0.363498   0.490433
      0.23   0.737163   0.374395   0.496582
      0.24   0.707329   0.392523   0.504874
      0.25   0.696357   0.407937   0.514482
      0.26   0.677424   0.426995   0.523817
      0.27    0.65132   0.436549   0.522734
      0.28   0.629805   0.453222   0.527118
      0.29   0.603127   0.464877   0.525054
       0.3   0.597461   0.487258   0.536762
      0.31   0.585485    0.50262   0.540897
      0.32   0.569636   0.514423   0.540623
      0.33   0.561532   0.527959   0.544228
      0.34   0.552137   0.534892   0.543378
      0.35   0.539515   0.544689    0.54209
      0.36   0.530264   0.551738   0.540788
      0.37   0.517642   0.561304    0.53859
      0.38   0.507674   0.566756    0.53559
      0.39   0.494119   0.572365   0.530372
       0.4   0.490534    0.57724   0.530366
      0.41   0.481282   0.575758   0.524298
      0.42   0.461991   0.575566   0.512562
      0.43    0.44607   0.581066   0.504697
      0.44   0.433592   0.581568   0.496795
      0.45   0.425488   0.579565   0.490716
      0.46   0.400746   0.577778   0.473248
      0.47   0.393646   0.576508   0.467843
      0.48    0.37041   0.575677   0.450776
      0.49   0.356282    0.57298   0.439365
       0.5   0.337923   0.564158   0.422672
      0.51   0.327381   0.559791   0.413144
      0.52   0.317699   0.555641   0.404257
      0.53   0.302352    0.54741   0.389546
      0.54   0.291308   0.544861   0.379642
      0.55   0.288009   0.548305    0.37765
      0.56   0.285356   0.542432   0.373975
      0.57    0.27467   0.539595   0.364035
      0.58   0.264271   0.535104   0.353808
      0.59   0.261618   0.530409   0.350403
       0.6    0.25796   0.524302    0.34579
      0.61   0.242613   0.508772   0.328553
      0.62   0.219378   0.493039   0.303647
      0.63   0.208262   0.484487   0.291303
      0.64   0.198006   0.483354    0.28093
      0.65   0.195568   0.481715   0.278194
      0.66   0.191767   0.477749    0.27368
      0.67   0.187536   0.473826   0.268716
      0.68   0.180293   0.469101   0.260475
      0.69   0.175201   0.465812    0.25463
       0.7   0.172978   0.470414   0.252944
      0.71   0.160571     0.4704   0.239417
      0.72   0.158133   0.483108   0.238273
      0.73   0.147734   0.497175   0.227783
      0.74   0.144363   0.514113   0.225426
      0.75   0.140849   0.555294   0.224703
      0.76   0.133462   0.584211   0.217286
      0.77   0.121127   0.653722   0.204385
      0.78   0.118474   0.720588   0.203491
      0.79   0.111446   0.808889   0.195901
       0.8   0.108649   0.871795   0.193218
      0.81  0.0971744   0.935897   0.176068
      0.82  0.0855565   0.970803   0.157254
      0.83  0.0801779          1   0.148453
      0.84  0.0755881          1   0.140552
      0.85  0.0689902          1   0.129076
      0.86  0.0548623          1   0.104018
      0.87  0.0468302          1  0.0894704
      0.88  0.0416667          1       0.08
      0.89  0.0311962          1  0.0605049
       0.9  0.0273236          1  0.0531937
      0.91  0.0220884          1   0.043222
      0.92  0.0212278          1   0.041573
      0.93   0.017642          1  0.0346723
      0.94  0.0140562          1  0.0277228
      0.95  0.0132674          1  0.0261873
      0.96  0.0127653          1  0.0252089
      0.97 0.00530694          1  0.0105579
      0.98 0.00530694          1  0.0105579
      0.99 0.00494836          1   0.009848
