         0          1   0.171113   0.292223
      0.01          1   0.143498   0.250981
      0.02          1   0.143404   0.250837
      0.03          1   0.143306   0.250688
      0.04   0.999524   0.143125   0.250395
      0.05   0.999524   0.143281   0.250634
      0.06   0.999143   0.143065   0.250292
      0.07   0.998762   0.142718   0.249749
      0.08   0.996857   0.142456   0.249287
      0.09   0.995618   0.142623   0.249504
       0.1   0.987617   0.143674   0.250855
      0.11   0.985235   0.144542   0.252099
      0.12   0.984187   0.145619   0.253701
      0.13   0.976662   0.147663    0.25654
      0.14   0.973709   0.149719   0.259532
      0.15   0.968661   0.152482   0.263487
      0.16   0.965803   0.154739   0.266741
      0.17   0.951896   0.159127   0.272672
      0.18   0.948276   0.162658   0.277685
      0.19   0.940084   0.169839   0.287701
       0.2   0.932749   0.174767   0.294377
      0.21   0.914746   0.182313   0.304031
      0.22   0.897885   0.191006   0.315002
      0.23   0.881311   0.197691   0.322941
      0.24   0.846923   0.211887   0.338969
      0.25   0.834349    0.21909    0.34705
      0.26   0.813393   0.230138   0.358767
      0.27   0.797485   0.239407   0.368261
      0.28   0.773195   0.255835   0.384459
      0.29   0.734902   0.267167   0.391872
       0.3   0.693561   0.285502   0.404495
      0.31   0.660412   0.305762   0.417997
      0.32   0.644027   0.317254     0.4251
      0.33   0.611355   0.345742   0.441692
      0.34   0.581825   0.363905   0.447758
      0.35   0.560583   0.395946   0.464096
      0.36    0.54258   0.418869   0.472765
      0.37   0.529053    0.45254   0.487814
      0.38    0.50543    0.47139   0.487817
      0.39   0.480282   0.503345   0.491543
       0.4   0.467041   0.522563   0.493245
      0.41   0.444466   0.555138   0.493675
      0.42   0.420747   0.581298    0.48816
      0.43   0.399124   0.602419   0.480139
      0.44    0.37912   0.627219   0.472587
      0.45   0.367975   0.645191   0.468658
      0.46   0.341684   0.677949   0.454368
      0.47    0.33254   0.701427   0.451179
      0.48   0.319013   0.735115   0.444939
      0.49   0.313774   0.756899   0.443637
       0.5    0.29939   0.784661   0.433411
      0.51   0.282625   0.813421   0.419496
      0.52   0.270623   0.829787   0.408138
      0.53   0.255287   0.853282   0.392996
      0.54   0.243094   0.864198   0.379451
      0.55   0.232425   0.894144   0.368946
      0.56   0.228329   0.912114    0.36523
      0.57   0.210326   0.934211    0.34335
      0.58   0.202134   0.938202   0.332608
      0.59   0.190608    0.95283   0.317668
       0.6   0.180892   0.956522   0.304246
      0.61   0.166127   0.966418   0.283517
      0.62   0.140217   0.969957   0.245015
      0.63   0.135454   0.980952   0.238039
      0.64   0.127262    0.98913    0.22551
      0.65   0.123643   0.988506   0.219793
      0.66   0.109735   0.987013   0.197511
      0.67   0.106401   0.986301   0.192081
      0.68    0.10021   0.992424   0.182038
      0.69  0.0994475   0.992248   0.180777
       0.7  0.0793484          1    0.14703
      0.71  0.0714422          1   0.133357
      0.72  0.0697276          1   0.130365
      0.73  0.0685845          1   0.128365
      0.74  0.0658221          1   0.123514
      0.75  0.0590589          1   0.111531
      0.76  0.0565822          1   0.107104
      0.77  0.0538198          1   0.102142
      0.78  0.0497238          1  0.0947368
      0.79   0.045723          1  0.0874476
       0.8   0.045723          1  0.0874476
      0.81   0.045342          1  0.0867505
      0.82  0.0406744          1  0.0781693
      0.83  0.0361974          1  0.0698658
      0.84  0.0355306          1  0.0686229
      0.85  0.0281006          1  0.0546651
      0.86  0.0253382          1   0.049424
      0.87  0.0253382          1   0.049424
      0.88  0.0201943          1  0.0395892
      0.89  0.0176224          1  0.0346345
       0.9  0.0140979          1  0.0278039
      0.91  0.0100972          1  0.0199925
      0.92  0.0100972          1  0.0199925
      0.93 0.00666794          1  0.0132475
      0.94 0.00581063          1  0.0115541
      0.95 0.00562012          1  0.0111774
      0.96 0.00552486          1   0.010989
      0.97 0.00466756          1 0.00929174
      0.98 0.00466756          1 0.00929174
      0.99 0.00400076          1 0.00796964
