         0          1   0.391539   0.562742
      0.01   0.991695   0.381469   0.550991
      0.02   0.990048   0.385367   0.554788
      0.03    0.98819   0.391376    0.56069
      0.04   0.982408   0.400972   0.569501
      0.05   0.976486   0.408275   0.575803
      0.06   0.969267   0.420706    0.58674
      0.07   0.963099   0.427254   0.591919
      0.08   0.945998   0.437649   0.598441
      0.09   0.936501   0.444007   0.602406
       0.1   0.909763   0.451968   0.603913
      0.11   0.890489   0.459228    0.60596
      0.12   0.872161   0.464882   0.606491
      0.13   0.848823   0.471036   0.605862
      0.14   0.834945   0.473845    0.60458
      0.15   0.802705   0.478229    0.59937
      0.16    0.78662   0.480075   0.596255
      0.17   0.747372   0.481685   0.585812
      0.18   0.727747   0.484435   0.581672
      0.19   0.691793   0.484308   0.569749
       0.2   0.666246   0.487145    0.56279
      0.21   0.628329   0.490022   0.550623
      0.22   0.602432   0.492359   0.541862
      0.23   0.578848   0.493034   0.532506
      0.24   0.544926    0.49524   0.518896
      0.25   0.520781   0.499092   0.509706
      0.26   0.491134   0.506238   0.498571
      0.27   0.463274   0.509289   0.485193
      0.28   0.433382   0.515449   0.470867
      0.29   0.418594   0.521864   0.464559
       0.3   0.405348   0.536204   0.461683
      0.31   0.389893   0.546463   0.455088
      0.32   0.380957   0.557757   0.452708
      0.33   0.364732   0.573309   0.445832
      0.34   0.350224   0.577424   0.436001
      0.35   0.336347    0.59242   0.429082
      0.36    0.32636   0.603343   0.423591
      0.37   0.307787    0.61666   0.410623
      0.38    0.29843   0.634683   0.405971
      0.39   0.285008   0.650885   0.396429
       0.4   0.277684   0.662921   0.391413
      0.41   0.261494   0.686014   0.378654
      0.42   0.249685   0.699528   0.368013
      0.43   0.240433   0.715186   0.359881
      0.44   0.228869   0.742289   0.349864
      0.45   0.216604   0.750179   0.336149
      0.46   0.207703   0.766719   0.326859
      0.47    0.20171    0.78619    0.32105
      0.48   0.194701   0.807692   0.313767
      0.49   0.187027    0.82588   0.304987
       0.5   0.178722   0.845445   0.295068
      0.51   0.170872   0.866741   0.285466
      0.52   0.162812   0.881094   0.274838
      0.53   0.153946   0.903969   0.263088
      0.54   0.147673   0.911051   0.254151
      0.55   0.138912   0.922302   0.241457
      0.56   0.135303     0.9375   0.236477
      0.57   0.131448   0.955298   0.231097
      0.58   0.123213   0.962898    0.21847
      0.59   0.119954   0.966355   0.213416
       0.6   0.117466   0.970703   0.209571
      0.61   0.111894   0.972746   0.200701
      0.62   0.106462   0.973214   0.191929
      0.63   0.102712   0.971698   0.185786
      0.64   0.096755   0.974293   0.176029
      0.65  0.0945823   0.973046   0.172406
      0.66  0.0861018   0.976744   0.158253
      0.67  0.0831581   0.975385   0.153251
      0.68  0.0805999   0.975862   0.148902
      0.69  0.0786726   0.977695   0.145627
       0.7  0.0728553   0.979079   0.135619
      0.71  0.0683347   0.980952   0.127769
      0.72  0.0625175   0.979167   0.117531
      0.73  0.0552285   0.982659   0.104579
      0.74   0.054037   0.981928   0.102437
      0.75  0.0489907       0.98  0.0933166
      0.76  0.0473437   0.986207  0.0903501
      0.77  0.0417718   0.984375  0.0801427
      0.78  0.0398444   0.991453    0.07661
      0.79  0.0374615          1  0.0722175
       0.8   0.032275          1  0.0625318
      0.81  0.0301724          1  0.0585774
      0.82  0.0256518          1  0.0500205
      0.83  0.0254065          1   0.049554
      0.84  0.0252313          1  0.0492207
      0.85  0.0230586          1  0.0450778
      0.86  0.0216569          1  0.0423956
      0.87  0.0207457          1  0.0406482
      0.88  0.0196243          1  0.0384933
      0.89  0.0190636          1   0.037414
       0.9  0.0171012          1  0.0336273
      0.91  0.0149636          1  0.0294859
      0.92  0.0123703          1  0.0244384
      0.93 0.00714886          1  0.0141962
      0.94 0.00662321          1  0.0131593
      0.95 0.00620269          1  0.0123289
      0.96 0.00469582          1 0.00934775
      0.97 0.00399495          1 0.00795812
      0.98   0.003224          1 0.00642727
      0.99 0.00168209          1 0.00335852
