         0          1   0.216663    0.35616
      0.01   0.999909   0.172418    0.29412
      0.02   0.999864   0.250761   0.400962
      0.03   0.998913   0.350715   0.519156
      0.04   0.997237   0.480166   0.648217
      0.05   0.995607   0.529665   0.691468
      0.06    0.99221   0.602595    0.74981
      0.07   0.990217   0.659124   0.791439
      0.08   0.986549   0.699679   0.818712
      0.09   0.982563   0.711791   0.825541
       0.1    0.97663   0.729995   0.835491
      0.11   0.967029   0.743463   0.840636
      0.12   0.963361   0.756347   0.847394
      0.13   0.954574   0.775055   0.855498
      0.14   0.951721   0.782004   0.858556
      0.15    0.94298    0.79443   0.862355
      0.16   0.937908   0.802755   0.865085
      0.17   0.928261   0.816229   0.868647
      0.18   0.925317   0.823598     0.8715
      0.19   0.919701   0.834028   0.874772
       0.2   0.916712   0.841574   0.877538
      0.21   0.904937   0.850699    0.87698
      0.22   0.895697   0.864402   0.879772
      0.23    0.88519   0.871693    0.87839
      0.24   0.879484    0.88181   0.880645
      0.25   0.869701   0.886496   0.878018
      0.26   0.861866   0.896974   0.879069
      0.27   0.851313    0.90329   0.876532
      0.28   0.840127   0.917598   0.877155
      0.29   0.835417   0.922306   0.876714
       0.3   0.825453   0.931835   0.875424
      0.31    0.80625   0.939418   0.867755
      0.32   0.803261   0.942811   0.867459
      0.33   0.785779   0.950524   0.860336
      0.34   0.779529   0.956971   0.859184
      0.35   0.765353   0.963327   0.853004
      0.36   0.756205   0.965675   0.848199
      0.37   0.741667   0.970283    0.84071
      0.38   0.733379   0.973103   0.836403
      0.39   0.727355   0.976687    0.83378
       0.4   0.722645   0.977608    0.83101
      0.41     0.7149   0.979688   0.826607
      0.42   0.707654   0.982381   0.822688
      0.43   0.699366   0.984248   0.817705
      0.44   0.695154   0.985515   0.815252
      0.45    0.67885   0.986887   0.804386
      0.46   0.664583   0.988221   0.794716
      0.47   0.654303   0.989209   0.787633
      0.48    0.63913   0.991337   0.777193
      0.49   0.622509   0.991201   0.764736
       0.5   0.611504   0.992258   0.756683
      0.51   0.598007    0.99404   0.746766
      0.52   0.589221   0.994609   0.740035
      0.53   0.572101   0.997902   0.727261
      0.54   0.561232   0.999284   0.718775
      0.55   0.546966   0.999257   0.706961
      0.56   0.529937   0.999244   0.692575
      0.57   0.511051          1   0.676418
      0.58    0.50625          1   0.672199
      0.59   0.504438          1     0.6706
       0.6   0.491712          1   0.659259
      0.61   0.481839          1   0.650325
      0.62   0.468161          1   0.637752
      0.63   0.451766          1   0.622368
      0.64   0.443433          1   0.614414
      0.65    0.43356          1   0.604872
      0.66   0.415942          1   0.587513
      0.67   0.412681          1   0.584252
      0.68   0.401178          1   0.572629
      0.69   0.395245          1    0.56656
       0.7    0.38587          1   0.556863
      0.71   0.364493          1   0.534254
      0.72    0.35385          1   0.522731
      0.73   0.339764          1     0.5072
      0.74    0.32731          1   0.493193
      0.75   0.298868          1   0.460197
      0.76   0.288587          1   0.447912
      0.77   0.279755          1   0.437201
      0.78   0.267255          1   0.421786
      0.79   0.246558          1   0.395582
       0.8   0.228804          1   0.372402
      0.81   0.197871          1   0.330372
      0.82   0.180163          1   0.305319
      0.83   0.164357          1   0.282314
      0.84   0.155299          1   0.268846
      0.85   0.149683          1    0.26039
      0.86   0.135779          1   0.239094
      0.87     0.1274          1   0.226007
      0.88   0.121739          1   0.217054
      0.89   0.115534          1   0.207137
       0.9   0.105118          1   0.190238
      0.91   0.090625          1   0.166189
      0.92  0.0790308          1   0.146485
      0.93  0.0643569          1   0.120931
      0.94  0.0573822          1   0.108536
      0.95  0.0382699          1  0.0737186
      0.96  0.0256793          1  0.0500729
      0.97  0.0207428          1  0.0406425
      0.98   0.015625          1  0.0307692
      0.99 0.00344203          1 0.00686044
