         0          1   0.205491   0.340925
      0.01   0.988168    0.19615   0.327326
      0.02   0.987834   0.199837   0.332425
      0.03   0.986918   0.204432   0.338704
      0.04   0.984335   0.212878   0.350051
      0.05   0.981502   0.220686   0.360349
      0.06   0.977669   0.233692   0.377218
      0.07   0.974835    0.24344   0.389589
      0.08   0.967336   0.259154   0.408791
      0.09   0.964003   0.271389   0.423542
       0.1   0.942838   0.290937   0.444662
      0.11   0.923256   0.308689   0.462682
      0.12   0.906674    0.32155   0.474736
      0.13    0.87676   0.340031   0.490019
      0.14   0.860095   0.352948   0.500508
      0.15   0.825431   0.372423   0.513267
      0.16   0.805433   0.386849   0.522663
      0.17   0.772686   0.408657   0.534584
      0.18   0.748188   0.421483   0.539209
      0.19   0.703775   0.438157   0.540074
       0.2   0.681027   0.455599   0.545958
      0.21   0.648029   0.486151   0.555538
      0.22   0.621032   0.516783   0.564132
      0.23   0.610199   0.541422   0.573757
      0.24   0.578702   0.575407    0.57705
      0.25   0.567369   0.605461   0.585797
      0.26   0.538205   0.635179   0.582685
      0.27   0.527289   0.658537    0.58565
      0.28   0.510541   0.702703   0.591404
      0.29   0.501375   0.723733   0.592375
       0.3    0.47646   0.758765   0.585353
      0.31   0.445463   0.781599   0.567491
      0.32   0.426464   0.800801   0.556543
      0.33   0.409716   0.821826   0.546819
      0.34   0.390884   0.834721   0.532438
      0.35   0.369303   0.850197   0.514932
      0.36    0.36372   0.861925   0.511566
      0.37   0.343638   0.879875   0.494247
      0.38   0.335139   0.885434   0.486236
      0.39   0.315474   0.894643   0.466461
       0.4   0.311307   0.896617   0.462154
      0.41   0.293892   0.917021   0.445127
      0.42   0.273061   0.935961   0.422778
      0.43   0.260895   0.933155   0.407781
      0.44   0.238563   0.936508    0.38026
      0.45   0.227564     0.9375   0.366231
      0.46   0.205733      0.936   0.337322
      0.47   0.191817   0.942731   0.318774
      0.48   0.160487   0.938776   0.274113
      0.49   0.143738   0.943182   0.249459
       0.5   0.131072   0.948718   0.230324
      0.51   0.109241   0.949275   0.195934
      0.52  0.0976585    0.95082   0.177125
      0.53  0.0761603   0.969072   0.141222
      0.54  0.0704108   0.966667   0.131261
      0.55  0.0609116    0.97561   0.114664
      0.56  0.0519123   0.986842   0.098636
      0.57   0.048496   0.986301  0.0924464
      0.58  0.0459128   0.985294  0.0877373
      0.59  0.0443296   0.984615  0.0848396
       0.6  0.0435797   0.984127  0.0834634
      0.61  0.0421632   0.983333  0.0808592
      0.62  0.0418298   0.981481  0.0802399
      0.63  0.0363303          1  0.0701134
      0.64  0.0363303          1  0.0701134
      0.65  0.0360803          1  0.0696477
      0.66  0.0322473          1  0.0624798
      0.67  0.0310807          1  0.0602877
      0.68  0.0294975          1  0.0573047
      0.69  0.0291642          1  0.0566756
       0.7  0.0287476          1  0.0558885
      0.71  0.0241647          1   0.047189
      0.72  0.0241647          1   0.047189
      0.73  0.0228314          1  0.0446436
      0.74  0.0228314          1  0.0446436
      0.75  0.0206649          1  0.0404931
      0.76  0.0202483          1  0.0396929
      0.77  0.0202483          1  0.0396929
      0.78   0.019915          1  0.0390523
      0.79   0.019915          1  0.0390523
       0.8   0.019915          1  0.0390523
      0.81   0.019915          1  0.0390523
      0.82   0.019915          1  0.0390523
      0.83  0.0189984          1  0.0372884
      0.84  0.0189984          1  0.0372884
      0.85  0.0184985          1   0.036325
      0.86  0.0180818          1  0.0355214
      0.87  0.0180818          1  0.0355214
      0.88  0.0159987          1  0.0314935
      0.89  0.0144988          1  0.0285832
       0.9  0.0129156          1  0.0255018
      0.91   0.012499          1  0.0246893
      0.92  0.0104158          1  0.0206169
      0.93  0.0101658          1   0.020127
      0.94  0.0101658          1   0.020127
      0.95 0.00991584          1   0.019637
      0.96 0.00791601          1  0.0157077
      0.97 0.00524956          1  0.0104443
      0.98 0.00524956          1  0.0104443
      0.99  0.0044163          1 0.00879376
