         0          1   0.214804   0.353644
      0.01   0.987908   0.191822   0.321264
      0.02   0.982235   0.240095    0.38587
      0.03   0.976189   0.287114   0.443721
      0.04    0.96223   0.359708   0.523658
      0.05   0.956259   0.407321   0.571297
      0.06   0.940136   0.467172   0.624178
      0.07   0.928566   0.499189   0.649313
      0.08   0.906845   0.534227   0.672362
      0.09   0.889005   0.555382   0.683664
       0.1    0.85646   0.581692   0.692828
      0.11   0.823244    0.61455   0.703751
      0.12   0.797791   0.628516   0.703108
      0.13   0.769725   0.651972   0.705972
      0.14   0.756289   0.666863   0.708766
      0.15   0.724267   0.679325   0.701076
      0.16   0.704262   0.690501   0.697314
      0.17   0.681645   0.712184    0.69658
      0.18   0.666119   0.731668   0.697357
      0.19    0.63559   0.751764   0.688813
       0.2    0.61148   0.764182   0.679356
      0.21   0.597373   0.783005   0.677707
      0.22   0.585654   0.796286   0.674918
      0.23   0.574084   0.797695   0.667664
      0.24    0.55184    0.80762   0.655668
      0.25   0.532582   0.810127   0.642669
      0.26   0.486378   0.822173    0.61119
      0.27   0.469508   0.823576   0.598067
      0.28   0.440248   0.820844   0.573114
      0.29   0.426812   0.819332   0.561252
       0.3   0.405389   0.817561   0.542018
      0.31   0.375756   0.818372   0.515034
      0.32   0.366425   0.822368   0.506962
      0.33   0.348959   0.834313   0.492095
      0.34   0.337016   0.839704   0.480987
      0.35   0.328432   0.846457   0.473242
      0.36   0.323655    0.85115   0.468978
      0.37   0.311189   0.864234   0.457606
      0.38    0.30156   0.867781   0.447582
      0.39   0.272748    0.86281   0.414474
       0.4   0.269687   0.863558   0.411015
      0.41   0.246921   0.861217   0.383802
      0.42   0.227663   0.864372   0.360401
      0.43   0.223781   0.863071    0.35541
      0.44   0.218183   0.864629    0.34844
      0.45   0.211092   0.865909   0.339436
      0.46   0.205419    0.87561    0.33277
      0.47   0.201836   0.871212   0.327743
      0.48   0.194745    0.86828   0.318136
      0.49   0.191386   0.867232   0.313571
       0.5   0.181682   0.863222   0.300185
      0.51   0.175636   0.861635   0.291793
      0.52   0.169889   0.863333   0.283909
      0.53   0.158767   0.865455   0.268312
      0.54     0.1466   0.858268   0.250425
      0.55   0.143241   0.860759    0.24561
      0.56   0.131597   0.857143   0.228163
      0.57   0.125177   0.856436   0.218429
      0.58   0.116817   0.851064   0.205436
      0.59   0.104352   0.863095   0.186192
       0.6  0.0989774   0.867089   0.177673
      0.61  0.0982309   0.879195   0.176718
      0.62  0.0907666    0.87234   0.164425
      0.63  0.0903187   0.876812   0.163768
      0.64  0.0890498    0.87218     0.1616
      0.65  0.0878555   0.875969   0.159694
      0.66  0.0844965    0.90678   0.154588
      0.67  0.0809136   0.912281   0.148644
      0.68  0.0774054       0.92   0.142796
      0.69  0.0759872   0.917526   0.140351
       0.7  0.0728521    0.94186   0.135243
      0.71  0.0707621   0.934211   0.131559
      0.72  0.0622527   0.942029   0.116788
      0.73  0.0523998   0.964912  0.0994016
      0.74  0.0463537       0.98  0.0885203
      0.75   0.041875          1   0.080384
      0.76  0.0382175          1  0.0736214
      0.77   0.035605          1  0.0687617
      0.78  0.0340375          1  0.0658341
      0.79  0.0276928          1  0.0538931
       0.8  0.0276181          1  0.0537517
      0.81  0.0229902          1  0.0449471
      0.82  0.0179891          1  0.0353424
      0.83  0.0179891          1  0.0353424
      0.84  0.0179891          1  0.0353424
      0.85  0.0176159          1  0.0346219
      0.86   0.017168          1  0.0337565
      0.87  0.0151526          1  0.0298529
      0.88   0.014033          1  0.0276776
      0.89   0.010674          1  0.0211226
       0.9   0.010674          1  0.0211226
      0.91   0.010674          1  0.0211226
      0.92  0.0102262          1  0.0202453
      0.93  0.0102262          1  0.0202453
      0.94 0.00918116          1  0.0181953
      0.95 0.00843472          1  0.0167283
      0.96 0.00529969          1  0.0105435
      0.97 0.00470255          1 0.00936107
      0.98 0.00470255          1 0.00936107
      0.99 0.00365754          1 0.00728841
