         0          1   0.406617   0.578148
      0.01   0.999485   0.402741   0.574135
      0.02   0.999485   0.412672   0.584156
      0.03   0.999445   0.423836   0.595246
      0.04   0.999207   0.447016   0.617693
      0.05    0.99885   0.461332   0.631156
      0.06   0.996789   0.475977   0.644296
      0.07   0.995481   0.484755    0.65201
      0.08   0.991398   0.499001   0.663861
      0.09   0.988703   0.509483    0.67245
       0.1   0.981449    0.52428   0.683462
      0.11   0.969756   0.535797   0.690234
      0.12    0.95727   0.544725   0.694342
      0.13   0.943634   0.558747   0.701889
      0.14   0.932139   0.567754   0.705685
      0.15   0.911012   0.577092   0.706587
      0.16   0.896385   0.587392   0.709715
      0.17   0.871294   0.602426   0.712334
      0.18   0.850999   0.608796   0.709805
      0.19   0.818892   0.617975   0.704386
       0.2   0.803671    0.62527   0.703334
      0.21    0.78183   0.637648   0.702417
      0.22   0.750595   0.649733   0.696531
      0.23   0.731053   0.655956   0.691471
      0.24   0.699302    0.66575   0.682114
      0.25   0.684755   0.672993   0.678823
      0.26   0.657563   0.682701   0.669896
      0.27   0.642223   0.688568   0.664589
      0.28   0.617647   0.699708   0.656122
      0.29   0.600404   0.705242   0.648614
       0.3   0.577771   0.715123   0.639151
      0.31   0.556485   0.726659   0.630288
      0.32   0.531116   0.732853   0.615885
      0.33   0.498732   0.741598   0.596387
      0.34   0.475939   0.748306   0.581825
      0.35   0.448946    0.75778   0.563843
      0.36   0.433764   0.768923   0.554643
      0.37   0.411646   0.783355    0.53969
      0.38   0.393967   0.786385   0.524945
      0.39    0.35964   0.799168   0.496049
       0.4   0.347075    0.81535   0.486892
      0.41   0.328048     0.8302   0.470272
      0.42   0.304424   0.841365   0.447083
      0.43   0.287617   0.848266   0.429579
      0.44    0.26974   0.865863   0.411337
      0.45   0.259156   0.871186   0.399478
      0.46   0.246908   0.877437   0.385373
      0.47   0.235572   0.880275   0.371678
      0.48   0.220588   0.887131   0.353322
      0.49   0.214008   0.891403   0.345152
       0.5    0.20287    0.89875    0.33102
      0.51   0.187371   0.898212   0.310062
      0.52   0.176629   0.902511   0.295438
      0.53   0.157048   0.907591   0.267762
      0.54   0.151102   0.915641   0.259397
      0.55   0.139488   0.918868   0.242208
      0.56   0.133621   0.923077   0.233449
      0.57   0.121611    0.92936   0.215078
      0.58   0.116815   0.928241   0.207515
      0.59    0.10417   0.925729   0.187267
       0.6   0.100087   0.921512   0.180563
      0.61  0.0923973   0.934641    0.16817
      0.62  0.0822499   0.932143   0.151162
      0.63  0.0740051      0.948   0.137292
      0.64  0.0636198   0.951327   0.119264
      0.65  0.0585461   0.956938   0.110341
      0.66  0.0511337   0.962766  0.0971097
      0.67  0.0501823   0.966667  0.0954116
      0.68  0.0431663   0.963415  0.0826303
      0.69  0.0419772   0.967105  0.0804619
       0.7  0.0386475   0.962963  0.0743126
      0.71  0.0366656   0.966102  0.0706499
      0.72  0.0355954   0.964602  0.0686572
      0.73  0.0332567   0.969072  0.0643065
      0.74  0.0314333   0.967391  0.0608882
      0.75  0.0280244   0.963855  0.0544652
      0.76  0.0270731   0.961538  0.0526634
      0.77  0.0249723   0.958333  0.0486761
      0.78  0.0215633   0.954545   0.042174
      0.79  0.0206517   0.966102  0.0404389
       0.8  0.0198589   0.981132  0.0389298
      0.81  0.0143888   0.976744  0.0283598
      0.82  0.0130807   0.971429  0.0258138
      0.83  0.0110195   0.969697  0.0217914
      0.84   0.010306   0.965517  0.0203943
      0.85  0.0079277          1  0.0157307
      0.86  0.0079277          1  0.0157307
      0.87 0.00776915          1  0.0154185
      0.88 0.00701601          1  0.0139343
      0.89 0.00685746          1  0.0136215
       0.9 0.00531156          1   0.010567
      0.91 0.00511337          1  0.0101747
      0.92  0.0038053          1 0.00758174
      0.93 0.00356746          1 0.00710957
      0.94    0.00329          1 0.00655841
      0.95 0.00158554          1 0.00316606
      0.96 0.00158554          1 0.00316606
      0.97 0.00158554          1 0.00316606
      0.98 0.00134771          1 0.00269179
      0.99 0.00134771          1 0.00269179
