         0          1   0.364376   0.534128
      0.01          1   0.351727   0.520411
      0.02          1   0.351538   0.520204
      0.03          1    0.35143   0.520086
      0.04          1   0.351933   0.520637
      0.05          1   0.352803   0.521588
      0.06   0.999741   0.353355   0.522156
      0.07   0.999534   0.354956   0.523873
      0.08   0.999016   0.358235   0.527363
      0.09   0.998187   0.359893   0.529041
       0.1   0.995752   0.363408   0.532483
      0.11   0.993111   0.367488   0.536464
      0.12    0.98907   0.370309   0.538866
      0.13   0.980471    0.37446   0.541942
      0.14   0.975499   0.377852   0.544713
      0.15    0.96949   0.383926   0.550034
      0.16   0.958819   0.386546   0.550969
      0.17   0.948096   0.392682    0.55535
      0.18   0.938928   0.396029   0.557085
      0.19   0.914012   0.402456   0.558843
       0.2   0.903497   0.407868   0.562021
      0.21   0.887335   0.414805   0.565333
      0.22   0.857705   0.420815   0.564614
      0.23   0.843823   0.426918   0.566981
      0.24   0.823828   0.435127   0.569472
      0.25   0.800052   0.442606    0.56992
      0.26   0.767107   0.451718   0.568607
      0.27   0.749961   0.458377   0.568988
      0.28   0.725667   0.468986   0.569752
      0.29   0.710438   0.475483   0.569686
       0.3   0.687387   0.483384   0.567612
      0.31   0.664595    0.49331   0.566283
      0.32   0.650816   0.498409   0.564506
      0.33   0.630562   0.508215   0.562816
      0.34     0.6115   0.515375   0.559338
      0.35    0.59078   0.526145   0.556592
      0.36   0.577208   0.533231   0.554348
      0.37   0.551619   0.543697   0.547629
      0.38    0.53986   0.552498   0.546106
      0.39   0.516965   0.561684   0.538397
       0.4   0.502202   0.567676   0.532935
      0.41   0.477959   0.571945   0.520745
      0.42   0.456669   0.578687   0.510488
      0.43   0.445118   0.580744   0.503965
      0.44   0.430407   0.589334   0.497486
      0.45    0.41497   0.590534   0.487425
      0.46   0.393266   0.593273   0.472995
      0.47   0.377519   0.596556    0.46241
      0.48   0.354416   0.600318     0.4457
      0.49   0.338772   0.597908   0.432495
       0.5   0.316084   0.599819   0.414003
      0.51   0.303134   0.607178   0.404381
      0.52   0.293033   0.616999   0.397351
      0.53   0.275628   0.620826   0.381764
      0.54   0.270552   0.627768   0.378136
      0.55   0.257135   0.628832   0.365013
      0.56   0.246983   0.628966   0.354687
      0.57   0.231235   0.634861   0.338998
      0.58   0.218441   0.633971   0.324925
      0.59   0.206889    0.63302   0.311855
       0.6   0.202538   0.633993   0.307001
      0.61   0.187154   0.629159   0.288491
      0.62   0.175913   0.633727   0.275384
      0.63   0.165294   0.633371   0.262169
      0.64   0.158715   0.629172   0.253486
      0.65   0.149495   0.627119   0.241436
      0.66   0.140534   0.623955   0.229399
      0.67   0.137322   0.629032   0.225431
      0.68   0.125201   0.628617   0.208813
      0.69   0.118829   0.636364   0.200263
       0.7   0.112613   0.635514   0.191324
      0.71   0.103289   0.643006   0.177988
      0.72   0.102668   0.644252   0.177111
      0.73  0.0895105   0.634328   0.156883
      0.74  0.0838125      0.632   0.147998
      0.75  0.0765087   0.628743   0.136417
      0.76  0.0716395   0.623794   0.128519
      0.77  0.0660969    0.62782   0.119602
      0.78  0.0652681   0.640816    0.11847
      0.79  0.0579125   0.658879   0.106467
       0.8  0.0470862   0.666667  0.0879599
      0.81  0.0436156   0.715152   0.082217
      0.82    0.03885   0.714286   0.073692
      0.83   0.038073   0.733333  0.0723879
      0.84  0.0304584   0.699115  0.0583737
      0.85  0.0257964   0.679612  0.0497061
      0.86  0.0228438   0.674419  0.0441908
      0.87  0.0216524   0.671053  0.0419512
      0.88  0.0204092   0.666667   0.039606
      0.89  0.0161616   0.654545  0.0315444
       0.9   0.013986   0.644444  0.0273779
      0.91  0.0131572   0.675676  0.0258118
      0.92  0.0112406        0.7  0.0221259
      0.93 0.00797721        0.7  0.0157746
      0.94 0.00652681   0.666667  0.0129271
      0.95  0.0026936      0.625 0.00536409
      0.96 0.000569801        0.5  0.0011383
      0.97 0.000518001   0.666667  0.0010352
      0.98          0          0          0
      0.99          0          0          0
