         0          1   0.374026   0.544424
      0.01   0.970923   0.333462   0.496427
      0.02   0.949771   0.333946   0.494147
      0.03    0.94119   0.333076   0.492029
      0.04   0.919979   0.329919   0.485669
      0.05   0.909313   0.328338   0.482466
      0.06   0.893285   0.326426   0.478132
      0.07   0.883692    0.32519   0.475427
      0.08   0.862837   0.324346   0.471465
      0.09   0.850623   0.324606   0.469895
       0.1   0.838885    0.32595   0.469482
      0.11   0.828934   0.327137   0.469132
      0.12   0.824227    0.32751   0.468757
      0.13   0.815408   0.328455   0.468282
      0.14   0.808854   0.329586   0.468337
      0.15   0.801645   0.330618   0.468157
      0.16   0.799142   0.332109   0.469219
      0.17   0.787344   0.333369    0.46841
      0.18   0.779181   0.334494   0.468056
      0.19    0.77078   0.335495   0.467501
       0.2    0.76357   0.336861   0.467484
      0.21   0.748317   0.338065   0.465729
      0.22   0.736698   0.341228   0.466418
      0.23   0.727164   0.341576   0.464812
      0.24    0.70768   0.341577   0.460759
      0.25    0.69624   0.341396   0.458145
      0.26   0.680808   0.341659   0.454986
      0.27   0.665197   0.341277   0.451112
      0.28   0.643687   0.341328   0.446102
      0.29    0.63034   0.342817   0.444104
       0.3   0.606387   0.342689   0.437905
      0.31   0.586188   0.342618   0.432466
      0.32   0.577727   0.344862   0.431907
      0.33   0.559137   0.345593   0.427163
      0.34   0.547637   0.344174   0.422696
      0.35   0.520169   0.347174   0.416419
      0.36   0.502056   0.347423   0.410665
      0.37   0.478162   0.349841   0.404059
      0.38   0.462432   0.350548   0.398791
      0.39   0.446821   0.354467   0.395322
       0.4   0.436692   0.356353   0.392453
      0.41   0.411071   0.357609   0.382481
      0.42   0.389799    0.35974   0.374167
      0.43   0.378776   0.359157   0.368706
      0.44   0.354466   0.359627   0.357028
      0.45   0.337663   0.359764   0.348364
      0.46   0.315736   0.361277   0.336975
      0.47   0.301972   0.362305   0.329399
      0.48   0.279926   0.369411   0.318503
      0.49   0.266996   0.371537   0.310709
       0.5   0.248585   0.377279     0.2997
      0.51   0.228386   0.375836   0.284119
      0.52   0.209676   0.376489   0.269347
      0.53   0.196687   0.388921   0.261252
      0.54   0.188941   0.400384   0.256731
      0.55    0.17047   0.411119   0.241007
      0.56   0.162188   0.414826     0.2332
      0.57   0.147411   0.433213   0.219972
      0.58   0.141333    0.44086   0.214047
      0.59    0.13323   0.466965   0.207312
       0.6   0.124292   0.473748   0.196921
      0.61   0.113448   0.485597   0.183926
      0.62   0.105285   0.510501   0.174568
      0.63   0.100399   0.534513   0.169046
      0.64  0.0882441   0.561224   0.152508
      0.65  0.0870524   0.580435   0.151398
      0.66  0.0834177   0.617073   0.146968
      0.67  0.0804981   0.647059   0.143183
      0.68  0.0753739    0.66185   0.135335
      0.69  0.0737651   0.694268   0.133361
       0.7   0.070488   0.727599   0.128525
      0.71  0.0688196   0.747967   0.126042
      0.72  0.0657808   0.767544   0.121177
      0.73  0.0636358   0.800995   0.117905
      0.74  0.0574391   0.809783   0.107269
      0.75  0.0541024   0.853503   0.101755
      0.76  0.0498123   0.879433  0.0942842
      0.77  0.0487398      0.888  0.0924076
      0.78  0.0461181   0.888889  0.0876868
      0.79  0.0417685   0.957447   0.080045
       0.8  0.0372401   0.964706  0.0717119
      0.81  0.0321754   0.971831  0.0622886
      0.82  0.0232974   0.982456  0.0455154
      0.83  0.0198415          1   0.038911
      0.84   0.018054          1  0.0354676
      0.85  0.0164452          1  0.0323583
      0.86  0.0143598          1   0.028313
      0.87  0.0141214          1  0.0278496
      0.88  0.0129893          1  0.0256456
      0.89  0.0123935          1  0.0244836
       0.9  0.0104868          1  0.0207559
      0.91  0.0104868          1  0.0207559
      0.92 0.00774593          1  0.0153728
      0.93 0.00601799          1   0.011964
      0.94 0.00577966          1  0.0114929
      0.95  0.0022642          1 0.00451816
      0.96  0.0022642          1 0.00451816
      0.97  0.0022642          1 0.00451816
      0.98  0.0022642          1 0.00451816
      0.99 0.00172794          1 0.00344992
