         0          1   0.176767   0.300428
      0.01   0.997635   0.130338   0.230555
      0.02   0.997412   0.142308   0.249079
      0.03   0.997412   0.152447   0.264471
      0.04   0.996163   0.166911   0.285916
      0.05    0.99585   0.174937   0.297597
      0.06   0.994155   0.182736   0.308726
      0.07   0.991968   0.185863   0.313067
      0.08   0.987506   0.190456   0.319325
      0.09   0.986346    0.19226   0.321796
       0.1   0.983936   0.196577   0.327686
      0.11   0.982241   0.200691   0.333285
      0.12   0.981438   0.203509   0.337115
      0.13   0.976619   0.207218   0.341893
      0.14   0.971621   0.209962   0.345306
      0.15   0.965642   0.213258    0.34936
      0.16   0.945518   0.215199   0.350602
      0.17   0.919102   0.219146   0.353908
      0.18   0.908349   0.222016   0.356819
      0.19     0.8905    0.22807   0.363136
       0.2   0.886261   0.231537   0.367155
      0.21   0.874258   0.235611   0.371187
      0.22   0.857391   0.239595   0.374529
      0.23   0.847575   0.242705   0.377354
      0.24   0.815715   0.246076   0.378093
      0.25   0.801972    0.24945   0.380536
      0.26   0.781268   0.251792   0.380843
      0.27   0.771541   0.254696   0.382968
      0.28   0.761947   0.263536   0.391621
      0.29   0.760564   0.268791   0.397205
       0.3   0.757619   0.279076   0.407899
      0.31    0.74691   0.287477   0.415162
      0.32   0.743073   0.294914   0.422245
      0.33   0.740306   0.304571   0.431583
      0.34   0.739235   0.312692   0.439484
      0.35   0.729463   0.325482   0.450122
      0.36   0.727098   0.333039   0.456831
      0.37   0.724644   0.344381   0.466881
      0.38   0.724153   0.354251   0.475762
      0.39   0.722145   0.369113   0.488524
       0.4   0.719736   0.378963   0.496502
      0.41    0.71398   0.392313   0.506382
      0.42   0.708625   0.407364   0.517332
      0.43   0.707867   0.418919   0.526345
      0.44   0.704431   0.436336    0.53888
      0.45   0.700326   0.446589    0.54539
      0.46   0.697961   0.464246   0.557604
      0.47   0.692472   0.476412   0.564474
      0.48   0.684351   0.488807   0.570282
      0.49   0.683816   0.502541   0.579329
       0.5    0.68212   0.519572   0.589852
      0.51   0.673419   0.532468   0.594706
      0.52   0.670965   0.540853   0.598924
      0.53    0.66802   0.559787   0.609133
      0.54   0.658471   0.569671   0.610861
      0.55   0.642809   0.589928   0.615234
      0.56   0.633662   0.603732   0.618335
      0.57   0.605506   0.620918   0.613115
      0.58   0.589532   0.632353   0.610192
      0.59   0.564544   0.658061   0.607726
       0.6   0.555932   0.670137   0.607716
      0.61   0.548882   0.687245    0.61032
      0.62   0.536076   0.706725   0.609685
      0.63   0.523404   0.717448   0.605253
      0.64   0.505332   0.741127   0.600927
      0.65    0.50087   0.754745   0.602142
      0.66   0.490295   0.782404   0.602827
      0.67   0.479095    0.79553   0.598034
      0.68   0.465486   0.812004   0.591748
      0.69   0.454687   0.822284   0.585576
       0.7   0.436794   0.835122   0.573586
      0.71   0.419437   0.846154   0.560858
      0.72   0.416893   0.860759   0.561725
      0.73   0.400875   0.877348   0.550306
      0.74   0.398108    0.89093   0.550312
      0.75   0.387176   0.907655   0.542808
      0.76   0.384677   0.913858   0.541441
      0.77   0.369685   0.932181   0.529414
      0.78   0.359332     0.9369   0.519442
      0.79   0.334032   0.944928   0.493583
       0.8   0.326893   0.953383   0.486855
      0.81    0.31721   0.961844   0.477082
      0.82   0.298603   0.975737   0.457269
      0.83   0.286913   0.978221   0.443691
      0.84   0.264156   0.980545   0.416191
      0.85   0.259471    0.98583   0.410815
      0.86    0.24604    0.99117   0.394221
      0.87   0.227656   0.992556   0.370364
      0.88   0.192093          1   0.322279
      0.89   0.174513          1   0.297166
       0.9   0.147249          1   0.256699
      0.91   0.118513          1   0.211912
      0.92  0.0974075          1   0.177523
      0.93  0.0572933          1   0.108377
      0.94  0.0343135          1  0.0663503
      0.95  0.0185177          1   0.036362
      0.96 0.00941502          1  0.0186544
      0.97 0.00504217          1  0.0100337
      0.98 0.00504217          1  0.0100337
      0.99 0.00370354          1 0.00737975
