         0          1   0.361785    0.53134
      0.01    0.99947   0.338047   0.505217
      0.02   0.999407   0.340911     0.5084
      0.03   0.999407   0.342228   0.509863
      0.04   0.999033     0.3432   0.510893
      0.05   0.998846   0.343854   0.511591
      0.06   0.998097   0.345028   0.512791
      0.07    0.99685   0.345259   0.512881
      0.08   0.993855    0.34666   0.514026
      0.09   0.990767   0.349269    0.51647
       0.1   0.985683   0.351159   0.517834
      0.11   0.978603   0.353852   0.519764
      0.12   0.973019   0.356404   0.521711
      0.13    0.96073   0.359972   0.523715
      0.14   0.952558    0.36353   0.526231
      0.15   0.933749   0.367728   0.527655
      0.16   0.917062   0.371795   0.529087
      0.17   0.895259    0.37777   0.531334
      0.18    0.88116   0.384524   0.535406
      0.19   0.852215    0.39408   0.538943
       0.2    0.83378   0.402294   0.542726
      0.21   0.810106   0.415831   0.549567
      0.22   0.775795   0.425705   0.549746
      0.23   0.753805   0.435334   0.551924
      0.24   0.721585   0.453779   0.557172
      0.25   0.703899   0.465092   0.560103
      0.26   0.672551   0.491873   0.568194
      0.27   0.652464   0.509743    0.57234
      0.28   0.619775    0.53368   0.573514
      0.29   0.606394   0.548263   0.575866
       0.3   0.573862   0.574013   0.573937
      0.31   0.550031   0.599373   0.573643
      0.32   0.532221   0.621588   0.573444
      0.33     0.5034   0.652021   0.568152
      0.34   0.488771   0.671744   0.565833
      0.35   0.465284   0.697912   0.558336
      0.36   0.455115   0.725254   0.559273
      0.37    0.43272   0.751415   0.549181
      0.38   0.418871   0.775181   0.543864
      0.39   0.397255   0.801746   0.531272
       0.4   0.387087   0.826116   0.527164
      0.41   0.365159   0.852015   0.511219
      0.42   0.350717   0.878571   0.501315
      0.43   0.342826   0.894295   0.495647
      0.44   0.320368   0.917127    0.47486
      0.45   0.315845   0.931401   0.471725
      0.46   0.303993   0.946708    0.46021
      0.47   0.296257   0.954343   0.452152
      0.48   0.283905   0.960384   0.438255
      0.49   0.276825    0.96343   0.430075
       0.5   0.263132   0.972752   0.414217
      0.51   0.243107   0.983434   0.389843
      0.52    0.23088    0.98722   0.374237
      0.53   0.215627   0.986183   0.353879
      0.54   0.210418   0.991055   0.347134
      0.55    0.20209   0.996212   0.336016
      0.56   0.193793   0.998024   0.324563
      0.57   0.186494          1   0.314362
      0.58   0.181909          1   0.307822
      0.59    0.17199          1   0.293501
       0.6    0.16466          1   0.282761
      0.61   0.157923          1   0.272769
      0.62   0.155053          1   0.268478
      0.63   0.150905          1   0.262236
      0.64   0.142608          1   0.249618
      0.65   0.136806          1   0.240685
      0.66   0.133188          1   0.235067
      0.67   0.132158          1   0.233463
      0.68   0.128135          1   0.227162
      0.69   0.125172          1   0.222493
       0.7   0.122302          1   0.217948
      0.71   0.113818          1   0.204374
      0.72   0.108359          1   0.195531
      0.73   0.106082          1   0.191816
      0.74   0.103899          1    0.18824
      0.75   0.101029          1   0.183518
      0.76  0.0972863          1   0.177322
      0.77  0.0949158          1   0.173375
      0.78  0.0923269          1   0.169046
      0.79  0.0879289          1   0.161645
       0.8  0.0870555          1   0.160168
      0.81  0.0851528          1   0.156942
      0.82  0.0828135          1    0.15296
      0.83  0.0815346          1   0.150776
      0.84  0.0720212          1   0.134365
      0.85  0.0679663          1   0.127282
      0.86  0.0603868          1   0.113896
      0.87  0.0586089          1   0.110728
      0.88  0.0512477          1  0.0974987
      0.89  0.0473175          1  0.0903595
       0.9  0.0445103          1  0.0852271
      0.91  0.0411728          1  0.0790893
      0.92  0.0350281          1  0.0676853
      0.93  0.0287274          1  0.0558503
      0.94  0.0241422          1  0.0471463
      0.95  0.0189956          1  0.0372831
      0.96  0.0147536          1  0.0290782
      0.97  0.0117592          1  0.0232451
      0.98 0.00726762          1  0.0144304
      0.99 0.00237056          1  0.0047299
