         0          1   0.298178   0.459379
      0.01   0.988491   0.254685   0.405017
      0.02   0.983347   0.253678   0.403312
      0.03   0.981543   0.253801   0.403316
      0.04    0.98043   0.255137   0.404906
      0.05   0.979899   0.256883   0.407055
      0.06   0.976134   0.260629   0.411411
      0.07   0.974914   0.263668   0.415078
      0.08   0.971413   0.269993   0.422545
      0.09   0.968443   0.274156   0.427337
       0.1   0.960382   0.281009   0.434796
      0.11   0.956457   0.289849    0.44488
      0.12   0.949456   0.296968   0.452427
      0.13   0.942243   0.307667   0.463868
      0.14   0.938107    0.31631     0.4731
      0.15   0.933121   0.329389   0.486903
      0.16   0.926439   0.338632   0.495975
      0.17   0.916574   0.349972   0.506536
      0.18   0.905277   0.360825   0.515988
      0.19   0.890798   0.377073   0.529858
       0.2   0.880403   0.390954   0.541464
      0.21   0.857916    0.40926   0.554162
      0.22   0.833466   0.427657    0.56527
      0.23   0.819199   0.443023   0.575056
      0.24   0.791832   0.465598   0.586395
      0.25   0.775232   0.480167   0.593024
      0.26    0.75179   0.502687   0.602506
      0.27   0.728613   0.515997   0.604144
      0.28   0.697269   0.540012   0.608647
      0.29   0.675312   0.550444   0.606518
       0.3   0.641315   0.570152   0.603643
      0.31    0.60769   0.591133   0.599297
      0.32   0.579581   0.603095   0.591104
      0.33   0.546539   0.625891    0.58353
      0.34    0.52734   0.638705   0.577705
      0.35   0.504588   0.656199   0.570492
      0.36   0.487404   0.667916   0.563558
      0.37    0.46078   0.686762    0.55152
      0.38    0.44699   0.698783    0.54522
      0.39   0.417184   0.713704    0.52657
       0.4   0.393583   0.726115    0.51047
      0.41   0.370034   0.745158   0.494505
      0.42   0.336409   0.761281    0.46662
      0.43   0.321771   0.771649   0.454161
      0.44   0.304322   0.784989   0.438607
      0.45   0.291382   0.796753    0.42671
      0.46   0.276744   0.809398   0.412461
      0.47   0.268152   0.811047   0.403046
      0.48   0.245505    0.81826   0.377691
      0.49   0.222169   0.800805   0.347837
       0.5   0.201803   0.797393   0.322092
      0.51   0.183187   0.792846   0.297612
      0.52    0.17555   0.808013   0.288435
      0.53   0.164996   0.832692   0.275419
      0.54   0.161177    0.84472   0.270703
      0.55   0.152373     0.8627   0.259001
      0.56   0.151631   0.883886   0.258855
      0.57   0.146327   0.920716   0.252522
      0.58   0.144206   0.933155   0.249807
      0.59   0.138372   0.965812   0.242063
       0.6   0.134447   0.976119   0.236341
      0.61   0.123575    0.97546    0.21936
      0.62   0.123256   0.984424   0.219082
      0.63   0.122249   0.990476   0.217636
      0.64   0.121771    0.99361   0.216954
      0.65   0.120976   0.993569    0.21569
      0.66   0.120552          1   0.215165
      0.67   0.119067          1   0.212796
      0.68   0.119067          1   0.212796
      0.69   0.118165          1   0.211355
       0.7   0.117263          1   0.209912
      0.71   0.115513          1   0.207103
      0.72   0.115142          1   0.206506
      0.73   0.113445          1   0.203773
      0.74   0.109785          1   0.197849
      0.75   0.109732          1   0.197763
      0.76   0.107133          1   0.193533
      0.77   0.101883          1   0.184925
      0.78   0.101883          1   0.184925
      0.79  0.0988597          1   0.179931
       0.8  0.0965792          1   0.176146
      0.81  0.0941395          1   0.172079
      0.82   0.089101          1   0.163623
      0.83  0.0855476          1   0.157612
      0.84  0.0813577          1   0.150473
      0.85  0.0781756          1   0.145015
      0.86  0.0747812          1   0.139156
      0.87  0.0737735          1    0.13741
      0.88  0.0699549          1   0.130762
      0.89  0.0651816          1   0.122386
       0.9  0.0543092          1   0.103023
      0.91  0.0479979          1  0.0915992
      0.92  0.0434368          1  0.0832571
      0.93    0.03214          1  0.0622784
      0.94  0.0278441          1  0.0541796
      0.95  0.0169186          1  0.0332742
      0.96  0.0146911          1  0.0289567
      0.97 0.00965261          1  0.0191207
      0.98  0.0065765          1  0.0130671
      0.99 0.00275789          1 0.00550061
