         0          1    0.48887   0.656699
      0.01   0.995501   0.460626   0.629827
      0.02   0.992788   0.469181   0.637219
      0.03   0.992103   0.471009   0.638761
      0.04   0.990563   0.474827    0.64194
      0.05   0.988387    0.47661   0.643107
      0.06   0.983888    0.48044   0.645619
      0.07   0.977923   0.483488   0.647065
      0.08   0.969219   0.491374   0.652131
      0.09    0.96406   0.497549   0.656355
       0.1    0.94746   0.509051   0.662275
      0.11   0.931666   0.524474   0.671137
      0.12   0.922571   0.534708   0.677024
      0.13   0.904063   0.550196   0.684076
      0.14    0.89179   0.559597   0.687677
      0.15   0.865899   0.577942   0.693205
      0.16   0.842991   0.591781   0.695394
      0.17   0.824385   0.611982   0.702479
      0.18    0.80221   0.627246    0.70402
      0.19   0.778984   0.650092   0.708726
       0.2    0.75852   0.666165   0.709349
      0.21   0.738057   0.689094   0.712735
      0.22    0.71241   0.716429   0.714414
      0.23   0.694832   0.732132   0.712994
      0.24    0.67119   0.754466   0.710396
      0.25   0.649601   0.767564   0.703673
      0.26   0.624713   0.788102   0.696959
      0.27   0.610948   0.801475   0.693361
      0.28   0.581683   0.819528   0.680419
      0.29   0.567234   0.832022   0.674574
       0.3   0.543983    0.85134    0.66381
      0.31   0.515403   0.871382   0.647703
      0.32   0.501442   0.882945   0.639628
      0.33   0.474133   0.900766   0.621257
      0.34   0.454134   0.908821   0.605635
      0.35   0.427118   0.924051   0.584204
      0.36   0.416606   0.934715   0.576336
      0.37   0.397536   0.943614   0.559401
      0.38    0.38602   0.953893   0.549621
      0.39   0.365312   0.961039   0.529391
       0.4   0.348467   0.963481   0.511821
      0.41   0.330937   0.967158   0.493136
      0.42   0.305486   0.971642   0.464829
      0.43   0.292504     0.9751   0.450015
      0.44   0.263508   0.978142    0.41517
      0.45   0.247152   0.980237   0.394769
      0.46   0.228131   0.979167   0.370046
      0.47    0.21285   0.980884   0.349795
      0.48    0.19202   0.982216   0.321239
      0.49   0.178915   0.983942   0.302776
       0.5   0.161606   0.985484   0.277676
      0.51   0.146521     0.9839   0.255059
      0.52   0.134737   0.982524   0.236976
      0.53   0.121486   0.982379   0.216231
      0.54   0.111168   0.980676   0.199699
      0.55  0.0968901   0.978202   0.176316
      0.56  0.0925383   0.979412   0.169099
      0.57  0.0790181   0.979866   0.146243
      0.58  0.0739817   0.981752   0.137595
      0.59  0.0659625   0.983402   0.123632
       0.6  0.0623686   0.982301    0.11729
      0.61  0.0532737   0.979899   0.101053
      0.62  0.0491907   0.988889  0.0937196
      0.63   0.044081   0.994012  0.0844183
      0.64  0.0419784   0.993243  0.0805523
      0.65  0.0403648          1  0.0775973
      0.66  0.0374309          1  0.0721608
      0.67  0.0359151          1  0.0693399
      0.68  0.0327123          1  0.0633523
      0.69  0.0308787          1  0.0599075
       0.7  0.0294118          1  0.0571429
      0.71   0.028825          1  0.0560348
      0.72  0.0264046          1  0.0514506
      0.73  0.0251088          1  0.0489876
      0.74  0.0244242          1  0.0476838
      0.75  0.0220283          1   0.043107
      0.76  0.0194123          1  0.0380852
      0.77   0.017872          1  0.0351164
      0.78  0.0158916          1  0.0312861
      0.79  0.0138869          1  0.0273933
       0.8  0.0122488          1  0.0242011
      0.81  0.0119554          1  0.0236283
      0.82  0.0091927          1  0.0182179
      0.83 0.00635666          1   0.012633
      0.84 0.00418072          1 0.00832664
      0.85 0.00418072          1 0.00832664
      0.86 0.00418072          1 0.00832664
      0.87 0.00418072          1 0.00832664
      0.88 0.00418072          1 0.00832664
      0.89 0.00410738          1 0.00818115
       0.9 0.00393624          1 0.00784161
      0.91 0.00393624          1 0.00784161
      0.92 0.00354506          1 0.00706507
      0.93 0.00310498          1 0.00619074
      0.94 0.00308053          1 0.00614215
      0.95 0.00305609          1 0.00609355
      0.96 0.00305609          1 0.00609355
      0.97  0.0018581          1 0.00370931
      0.98 0.00158916          1 0.00317329
      0.99 0.00158916          1 0.00317329
