         0          1   0.242084   0.389803
      0.01   0.999103   0.212978    0.35111
      0.02   0.998805   0.212562   0.350526
      0.03   0.998566   0.212271   0.350116
      0.04   0.998267   0.212146   0.349928
      0.05    0.99743   0.212374   0.350186
      0.06    0.99731   0.213082    0.35114
      0.07   0.997191   0.214337   0.352835
      0.08   0.997071   0.216501   0.355755
      0.09   0.996832   0.218322   0.358194
       0.1   0.996533   0.222212   0.363392
      0.11   0.995398   0.227273   0.370054
      0.12   0.995278   0.230049   0.373717
      0.13   0.994202   0.234927   0.380049
      0.14    0.99217   0.238439    0.38448
      0.15   0.989839   0.244192   0.391742
      0.16    0.98697   0.249176   0.397897
      0.17   0.982129   0.259032   0.409943
      0.18     0.9792   0.266225   0.418632
      0.19   0.970952   0.280779   0.435594
       0.2   0.962943   0.288556   0.444048
      0.21   0.945909   0.302088    0.45793
      0.22   0.931086   0.318229   0.474338
      0.23   0.919192   0.330006   0.485654
      0.24   0.893491   0.345951   0.498779
      0.25   0.873827   0.357608   0.507518
      0.26   0.835575   0.374108   0.516821
      0.27   0.819676    0.38792   0.526614
      0.28   0.792122    0.40779   0.538406
      0.29   0.770426   0.420137    0.54375
       0.3   0.743948   0.441963   0.554506
      0.31   0.715438    0.45887   0.559126
      0.32   0.687945   0.469072   0.557806
      0.33   0.660032   0.492983   0.564406
      0.34    0.63218   0.503757   0.560709
      0.35    0.59315    0.51966   0.553979
      0.36   0.574024   0.533901   0.553236
      0.37   0.529556   0.550562   0.539855
      0.38   0.502779   0.556684    0.52836
      0.39   0.464168   0.570402   0.511831
       0.4   0.436256   0.580832   0.498269
      0.41   0.407686   0.595452   0.483996
      0.42   0.363517   0.604828   0.454105
      0.43   0.342239   0.620091   0.441053
      0.44   0.300938   0.631716    0.40767
      0.45    0.28498   0.637373   0.393859
      0.46   0.261491   0.650262    0.37299
      0.47    0.24613   0.658228   0.358286
      0.48   0.209193   0.674935   0.319391
      0.49   0.201363   0.691011   0.311851
       0.5   0.184687   0.704403   0.292646
      0.51    0.17106   0.727749   0.277008
      0.52   0.162035   0.734694   0.265511
      0.53   0.153906   0.757764   0.255848
      0.54   0.151754   0.770241   0.253553
      0.55   0.146196   0.783133   0.246394
      0.56   0.137768   0.783422   0.234329
      0.57   0.124499   0.786787   0.214981
      0.58   0.112067   0.796667   0.196494
      0.59   0.102086   0.791506   0.180847
       0.6  0.0862471   0.787234   0.155462
      0.61  0.0738748   0.802956   0.135301
      0.62  0.0639531   0.805714     0.1185
      0.63  0.0505648   0.796053  0.0950896
      0.64  0.0415397   0.806202  0.0790084
      0.65  0.0379535   0.843478  0.0726385
      0.66  0.0351443   0.852941  0.0675071
      0.67  0.0317973   0.865979  0.0613421
      0.68   0.026956      0.875  0.0523007
      0.69  0.0266571        0.9  0.0517805
       0.7  0.0229514   0.897059  0.0447577
      0.71  0.0209193   0.903226  0.0408914
      0.72  0.0181101   0.913793  0.0355163
      0.73  0.0117746       0.96  0.0232638
      0.74  0.0115952   0.979167  0.0229191
      0.75 0.00872632          1  0.0173017
      0.76 0.00818839          1  0.0162438
      0.77 0.00818839          1  0.0162438
      0.78 0.00794932          1  0.0157732
      0.79 0.00741139          1  0.0147137
       0.8 0.00651485          1  0.0129454
      0.81 0.00615624          1  0.0122371
      0.82 0.00597693          1  0.0118828
      0.83 0.00585739          1  0.0116466
      0.84 0.00543901          1  0.0108192
      0.85 0.00537924          1  0.0107009
      0.86 0.00531947          1  0.0105826
      0.87 0.00514016          1  0.0102277
      0.88 0.00496085          1 0.00987273
      0.89 0.00418385          1 0.00833284
       0.9 0.00346662          1 0.00690929
      0.91 0.00316777          1 0.00631554
      0.92 0.00316777          1 0.00631554
      0.93 0.00149423          1 0.00298401
      0.94 0.00131492          1  0.0026264
      0.95 0.00131492          1  0.0026264
      0.96 0.00131492          1  0.0026264
      0.97 0.00131492          1  0.0026264
      0.98 0.00131492          1  0.0026264
      0.99 0.000956309          1 0.00191079
