         0          1   0.319512   0.484288
      0.01   0.999434   0.303061   0.465091
      0.02   0.999434   0.302753   0.464728
      0.03   0.999221   0.302606   0.464533
      0.04   0.999221   0.302234   0.464094
      0.05   0.998726   0.301819   0.463551
      0.06   0.997594    0.30133   0.462852
      0.07   0.996532   0.300594    0.46187
      0.08   0.993913   0.299327   0.460093
      0.09    0.99179   0.298286   0.458636
       0.1    0.98266   0.296769   0.455864
      0.11   0.973813   0.294825   0.452619
      0.12   0.967584   0.292963   0.449752
      0.13   0.956473   0.290353   0.445475
      0.14   0.943096   0.288228   0.441519
      0.15   0.920872   0.286041   0.436497
      0.16   0.904806   0.284049   0.432364
      0.17   0.885979   0.281079   0.426766
      0.18    0.87331   0.279836   0.423855
      0.19   0.844009   0.277921   0.418151
       0.2   0.829287   0.275993   0.414153
      0.21   0.803029   0.273598    0.40814
      0.22   0.765022   0.270289   0.399449
      0.23   0.746337   0.267946   0.394324
      0.24   0.723123   0.266298   0.389251
      0.25   0.705004    0.26485   0.385048
      0.26   0.680303   0.262345   0.378666
      0.27   0.666077   0.261695   0.375758
      0.28   0.636917   0.258809   0.368059
      0.29   0.612004   0.257706   0.362689
       0.3   0.583268   0.255896   0.355726
      0.31   0.555453   0.253756   0.348364
      0.32   0.531956   0.252086    0.34207
      0.33    0.49317   0.251355   0.332993
      0.34   0.476255   0.250133   0.327999
      0.35   0.454031   0.246232     0.3193
      0.36   0.431595   0.244848   0.312443
      0.37   0.398967   0.243357   0.302313
      0.38   0.381202   0.240764   0.295128
      0.39   0.359332   0.239437   0.287381
       0.4   0.347158   0.240829    0.28438
      0.41   0.318777   0.238864   0.273094
      0.42     0.2853   0.236409   0.258564
      0.43   0.272489   0.233298   0.251375
      0.44   0.250124   0.229875   0.239572
      0.45   0.234836   0.223497   0.229026
      0.46   0.210064    0.21751   0.213723
      0.47   0.197395   0.216995   0.206732
      0.48   0.179206   0.205138   0.191297
      0.49   0.169793   0.200776   0.183989
       0.5   0.147003   0.192012   0.166519
      0.51   0.128742   0.189738   0.153399
      0.52   0.117064   0.185979   0.143686
      0.53   0.101069   0.182534   0.130101
      0.54  0.0942034   0.183818   0.124568
      0.55  0.0866303   0.178716   0.116695
      0.56   0.080402   0.181498   0.111438
      0.57  0.0752353      0.178   0.105766
      0.58  0.0717673   0.180736   0.102739
      0.59  0.0602307   0.168317  0.0887154
       0.6  0.0560549   0.161905  0.0832774
      0.61  0.0494019   0.158879  0.0753686
      0.62  0.0375823   0.152878  0.0603328
      0.63  0.0322033   0.149901  0.0530169
      0.64  0.0290891   0.154525  0.0489613
      0.65  0.0261165   0.150718  0.0445187
      0.66  0.0229316   0.147849  0.0397049
      0.67  0.0215868   0.142857  0.0375061
      0.68  0.0194635   0.131313   0.033902
      0.69  0.0181895    0.12963  0.0319025
       0.7  0.0160662   0.121849  0.0283893
      0.71  0.0138014   0.104478   0.024382
      0.72 0.00948404  0.0833333  0.0170299
      0.73 0.00792696  0.0759494  0.0143556
      0.74 0.00792696  0.0785714   0.014401
      0.75 0.00622832  0.0714286  0.0114576
      0.76 0.00297261  0.0727273 0.00571176
      0.77 0.00191096  0.0526316 0.00368802
      0.78 0.00162786  0.0232558 0.00304273
      0.79  0.0012032  0.0149254 0.00222688
       0.8          0          0          0
      0.81          0          0          0
      0.82          0          0          0
      0.83          0          0          0
      0.84          0          0          0
      0.85          0          0          0
      0.86          0          0          0
      0.87          0          0          0
      0.88          0          0          0
      0.89          0          0          0
       0.9          0          0          0
      0.91          0          0          0
      0.92          0          0          0
      0.93          0          0          0
      0.94          0          0          0
      0.95          0          0          0
      0.96          0          0          0
      0.97          0          0          0
      0.98          0          0          0
      0.99          0          0          0
