         0          1   0.384732   0.555677
      0.01   0.998281    0.37304   0.543124
      0.02   0.998281   0.374236   0.544391
      0.03   0.998281   0.375757   0.545998
      0.04   0.997709   0.379611   0.549968
      0.05   0.997537   0.381883   0.552323
      0.06   0.997479   0.384625   0.555176
      0.07   0.996677   0.386517   0.557019
      0.08     0.9945   0.389948   0.560229
      0.09   0.992438   0.392513   0.562539
       0.1   0.988084   0.399725   0.569188
      0.11     0.9831   0.408148   0.576821
      0.12   0.980007   0.415003   0.583086
      0.13    0.97044   0.425073   0.591192
      0.14   0.958696   0.428591   0.592362
      0.15   0.910919   0.433523   0.587462
      0.16   0.884681   0.439691   0.587428
      0.17   0.869099   0.451911   0.594629
      0.18     0.8581    0.46007   0.598991
      0.19   0.844924   0.475181   0.608273
       0.2   0.833925   0.484803    0.61315
      0.21   0.817541   0.496316    0.61766
      0.22    0.79709   0.514122   0.625073
      0.23   0.786721   0.526883   0.631103
      0.24   0.766384   0.544932   0.636959
      0.25   0.749427   0.556444   0.638676
      0.26   0.715055   0.576689   0.638462
      0.27   0.693973   0.590702   0.638187
      0.28   0.672949   0.614753   0.642536
      0.29   0.660117   0.627907   0.643609
       0.3   0.642301   0.650688   0.646467
      0.31   0.613199   0.669182   0.639969
      0.32   0.594924   0.682038    0.63551
      0.33   0.576879   0.696742    0.63117
      0.34   0.561297   0.708794   0.626481
      0.35   0.531107   0.724281   0.612831
      0.36   0.507505   0.727426   0.597883
      0.37   0.469409    0.74014   0.574476
      0.38   0.445005   0.745078    0.55721
      0.39   0.410747   0.750098   0.530821
       0.4    0.39442   0.757872   0.518827
      0.41   0.359074   0.765432   0.488831
      0.42    0.32791   0.776705   0.461137
      0.43   0.307974   0.779788   0.441557
      0.44   0.282253   0.790043   0.415915
      0.45   0.264207   0.798567    0.39705
      0.46    0.23648   0.811621   0.366248
      0.47    0.22233   0.819203   0.349742
      0.48   0.203311   0.825175   0.326241
      0.49   0.193572   0.836915   0.314421
       0.5   0.177819   0.848921   0.294045
      0.51   0.164299   0.860616   0.275922
      0.52   0.152727   0.874327   0.260032
      0.53    0.13428   0.891393   0.233401
      0.54   0.123568   0.905405   0.217458
      0.55    0.10833   0.915567   0.193736
      0.56    0.10409   0.922857    0.18708
      0.57   0.097044    0.92381   0.175638
      0.58  0.0927475   0.925532     0.1686
      0.59   0.083066   0.936441   0.152596
       0.6   0.075275   0.942584   0.139416
      0.61   0.069088   0.933702   0.128656
      0.62  0.0561984   0.923567    0.10595
      0.63  0.0522456    0.92053  0.0988793
      0.64  0.0460014   0.907692   0.087565
      0.65  0.0409601   0.908333  0.0783856
      0.66  0.0392415   0.899083  0.0752008
      0.67  0.0384395   0.896226  0.0737172
      0.68  0.0326535   0.885417  0.0629842
      0.69  0.0321379   0.879121   0.062009
       0.7  0.0309922   0.869048    0.05985
      0.71  0.0274404   0.858974  0.0531819
      0.72  0.0261228    0.84058  0.0506709
      0.73  0.0186182       0.86  0.0364474
      0.74  0.0180454   0.904762   0.035385
      0.75  0.0149519          1  0.0294632
      0.76  0.0149519          1  0.0294632
      0.77  0.0146082          1  0.0287957
      0.78  0.0144363          1  0.0284617
      0.79  0.0135197          1  0.0266787
       0.8  0.0135197          1  0.0266787
      0.81  0.0132906          1  0.0262325
      0.82 0.00813474          1  0.0161382
      0.83  0.0078483          1  0.0155744
      0.84  0.0078483          1  0.0155744
      0.85  0.0078483          1  0.0155744
      0.86  0.0078483          1  0.0155744
      0.87 0.00716086          1  0.0142199
      0.88 0.00670257          1  0.0133159
      0.89 0.00670257          1  0.0133159
       0.9 0.00670257          1  0.0133159
      0.91 0.00670257          1  0.0133159
      0.92 0.00670257          1  0.0133159
      0.93 0.00670257          1  0.0133159
      0.94 0.00670257          1  0.0133159
      0.95 0.00320807          1 0.00639561
      0.96 0.00320807          1 0.00639561
      0.97 0.00292163          1 0.00582624
      0.98 0.00189047          1  0.0037738
      0.99 0.00189047          1  0.0037738
