         0          1   0.289124   0.448559
      0.01   0.995103   0.243248   0.390935
      0.02   0.987393   0.245475   0.393198
      0.03   0.986472   0.249089   0.397745
      0.04   0.985308   0.258524   0.409582
      0.05    0.98429   0.264538   0.417003
      0.06   0.982787   0.272605   0.426819
      0.07   0.978957   0.279257   0.434554
      0.08   0.972605   0.290622   0.447521
      0.09   0.969162   0.300135   0.458332
       0.1   0.960919   0.314141    0.47349
      0.11   0.951998   0.327665   0.487529
      0.12   0.945937   0.339155   0.499294
      0.13    0.93973   0.354391   0.514684
      0.14   0.933718   0.364625   0.524448
      0.15   0.926445   0.381092   0.540039
      0.16   0.922808   0.392813   0.551057
      0.17   0.908456   0.410371   0.565357
      0.18   0.900068   0.423368   0.575865
      0.19   0.890952   0.442591   0.591398
       0.2   0.881158   0.454124   0.599357
      0.21   0.871121    0.47224   0.612461
      0.22   0.858029   0.490115   0.623869
      0.23   0.852647   0.501464   0.631517
      0.24   0.842271   0.518177    0.64162
      0.25    0.83718   0.528229   0.647751
      0.26   0.830052    0.54946    0.66122
      0.27   0.820403   0.564505   0.668812
      0.28   0.812355   0.585678   0.680639
      0.29   0.806827   0.600312   0.688415
       0.3   0.795093   0.617171   0.694924
      0.31   0.781032   0.636395   0.701334
      0.32   0.775989   0.650321   0.707619
      0.33   0.768765   0.669487   0.715699
      0.34   0.762558   0.678952   0.718331
      0.35   0.751503   0.693252   0.721203
      0.36   0.739381   0.703822   0.721163
      0.37   0.728763   0.720241   0.724477
      0.38    0.71955   0.734133   0.726769
      0.39   0.706701   0.753887   0.729532
       0.4   0.702143   0.767489   0.733363
      0.41   0.685561   0.784713   0.731793
      0.42   0.667087   0.795896   0.725821
      0.43   0.658117   0.805104   0.724228
      0.44   0.647062   0.818208    0.72264
      0.45   0.641728   0.825467   0.722093
      0.46   0.631206   0.834099   0.718606
      0.47   0.624855   0.838318   0.716015
      0.48   0.607351   0.843489   0.706203
      0.49   0.598768    0.85156   0.703133
       0.5   0.590768   0.859035   0.700082
      0.51   0.582428   0.862966   0.695472
      0.52   0.567688   0.866618   0.686003
      0.53   0.547905   0.869066    0.67209
      0.54   0.531226   0.868075   0.659106
      0.55   0.507322   0.870363   0.641009
      0.56   0.488654   0.868318   0.625373
      0.57   0.464313   0.874479   0.606565
      0.58   0.450882   0.876279   0.595404
      0.59   0.423196    0.87662   0.570823
       0.6   0.405741   0.875272   0.554458
      0.61   0.374564   0.878164   0.525139
      0.62   0.359678   0.883968   0.511309
      0.63   0.342223   0.889615   0.494296
      0.64   0.322634   0.902845   0.475387
      0.65   0.318561   0.911238   0.472085
      0.66   0.304839   0.917169   0.457589
      0.67   0.298293   0.928962   0.451582
      0.68   0.287481   0.941274   0.440443
      0.69   0.281517   0.947908   0.434109
       0.7   0.265225   0.957273   0.415367
      0.71   0.250776   0.962598   0.397893
      0.72   0.239672   0.962925   0.383813
      0.73   0.227841    0.97095   0.369076
      0.74   0.222993   0.977541   0.363146
      0.75   0.203258   0.978149   0.336576
      0.76    0.19327   0.983651   0.323064
      0.77   0.167572   0.984448   0.286394
      0.78   0.148128   0.984797   0.257522
      0.79   0.122333   0.982107   0.217566
       0.8   0.104926   0.982063   0.189596
      0.81   0.092853   0.979058   0.169619
      0.82  0.0726338   0.973941   0.135186
      0.83  0.0623061   0.973684   0.117118
      0.84  0.0467901   0.968912  0.0892693
      0.85  0.0365109   0.956522  0.0703369
      0.86  0.0238557   0.947917  0.0465402
      0.87  0.0184251   0.943662  0.0361445
      0.88  0.0141098   0.918367  0.0277925
      0.89  0.0129946   0.894737  0.0256171
       0.9  0.0110551   0.851852  0.0218269
      0.91 0.00126067   0.636364 0.00251635
      0.92 0.000921257   0.555556 0.00183946
      0.93 0.000921257        0.6 0.00183969
      0.94 0.000436385        0.5 0.000872009
      0.95          0          0          0
      0.96          0          0          0
      0.97          0          0          0
      0.98          0          0          0
      0.99          0          0          0
