         0          1   0.108911   0.196429
      0.01   0.999464   0.127196   0.225672
      0.02   0.999464   0.128129   0.227139
      0.03   0.999464   0.129744   0.229673
      0.04   0.999464   0.133425   0.235422
      0.05   0.999464    0.13675   0.240582
      0.06   0.999464   0.142106   0.248833
      0.07   0.999464   0.146708   0.255859
      0.08   0.999464   0.154422   0.267512
      0.09   0.998122   0.159699   0.275344
       0.1    0.99772   0.167954   0.287509
      0.11   0.994501   0.174527   0.296943
      0.12   0.993965   0.180333    0.30528
      0.13   0.984844   0.187661   0.315251
      0.14   0.982833   0.193407   0.323211
      0.15   0.979614   0.200439   0.332786
      0.16    0.97331   0.204014   0.337322
      0.17   0.965799   0.209963   0.344937
      0.18   0.960166   0.213668    0.34955
      0.19   0.942597   0.221345   0.358504
       0.2   0.936964   0.227705   0.366373
      0.21   0.927173   0.235186   0.375199
      0.22   0.913895   0.240615   0.380935
      0.23    0.89096   0.241774   0.380338
      0.24   0.865209   0.248913   0.386604
      0.25   0.844286   0.252925   0.389243
      0.26   0.815853   0.259935   0.394257
      0.27   0.794394   0.263342   0.395556
      0.28   0.742489   0.269747   0.395727
      0.29   0.715933   0.272884   0.395152
       0.3   0.685622   0.282178   0.399809
      0.31   0.635864   0.287596   0.396058
      0.32   0.611588    0.29491   0.397934
      0.33   0.547613   0.302317   0.389568
      0.34   0.525215   0.304228   0.385282
      0.35   0.481357   0.312719   0.379131
      0.36   0.441524   0.314489   0.367334
      0.37   0.415638   0.320499   0.361921
      0.38   0.396727   0.321409   0.355118
      0.39   0.348847   0.325552   0.336797
       0.4   0.328326   0.330863   0.329589
      0.41   0.291443   0.329904   0.309483
      0.42    0.26368   0.326052   0.291568
      0.43   0.256438   0.328511   0.288034
      0.44    0.23404     0.3284   0.273304
      0.45    0.21191   0.327739   0.257394
      0.46   0.186829   0.322718   0.236654
      0.47   0.179453    0.32067   0.230124
      0.48   0.154641   0.315789   0.207614
      0.49   0.140692    0.30552   0.192663
       0.5   0.125939   0.297784   0.177015
      0.51   0.107028   0.285714   0.155723
      0.52  0.0932135    0.27619   0.139385
      0.53  0.0875805   0.269625   0.132215
      0.54  0.0819474   0.264184   0.125092
      0.55  0.0763144    0.26087   0.118084
      0.56  0.0732296   0.249501   0.113227
      0.57  0.0657189   0.229437   0.102172
      0.58  0.0572693   0.220225  0.0909001
      0.59  0.0543187   0.212411  0.0865136
       0.6  0.0450644   0.180662  0.0721353
      0.61  0.0383584   0.173442  0.0628228
      0.62  0.0332618   0.168116  0.0555358
      0.63  0.0308476   0.168168  0.0521325
      0.64  0.0269582   0.162338  0.0462379
      0.65  0.0229345   0.159864  0.0401142
      0.66  0.0219957   0.155556  0.0385416
      0.67  0.0182403   0.153543  0.0326071
      0.68  0.0168991   0.141631  0.0301954
      0.69  0.0168991       0.15  0.0303761
       0.7  0.0155579   0.147208  0.0281417
      0.71  0.0123391   0.132597  0.0225771
      0.72  0.0109979    0.12426  0.0202072
      0.73  0.0104614    0.12987   0.019363
      0.74  0.0104614   0.136986  0.0194383
      0.75 0.00912017      0.128  0.0170271
      0.76 0.00630365   0.127119  0.0120117
      0.77 0.00576717   0.131313  0.0110491
      0.78 0.00576717   0.146067  0.0110962
      0.79 0.00442597   0.126582 0.00855288
       0.8 0.00442597   0.133333 0.00856753
      0.81   0.003353   0.134328 0.00654269
      0.82   0.003353   0.142857 0.00655222
      0.83   0.003353   0.145161 0.00655461
      0.84   0.003353   0.160714 0.00656896
      0.85 0.00281652       0.12 0.00550387
      0.86 0.00228004   0.119048 0.00447439
      0.87 0.00228004   0.128205  0.0044804
      0.88 0.00228004   0.114286 0.00447089
      0.89 0.00228004   0.117647 0.00447339
       0.9  0.0013412  0.0714286 0.00263296
      0.91  0.0013412  0.0833333 0.00263992
      0.92          0          0          0
      0.93          0          0          0
      0.94          0          0          0
      0.95          0          0          0
      0.96          0          0          0
      0.97          0          0          0
      0.98          0          0          0
      0.99          0          0          0
