         0          1   0.354609   0.523559
      0.01   0.993842   0.323768   0.488421
      0.02   0.993842   0.325681   0.490595
      0.03   0.993681   0.327491   0.492626
      0.04   0.992755   0.330234   0.495607
      0.05   0.992393   0.331853   0.497383
      0.06   0.990179   0.334691   0.500281
      0.07   0.989173    0.33719   0.502938
      0.08   0.985309   0.340925   0.506572
      0.09   0.982491   0.344325   0.509937
       0.1   0.978225   0.349612   0.515122
      0.11   0.975488   0.355937   0.521565
      0.12   0.974079   0.359915   0.525618
      0.13   0.971342   0.365948   0.531613
      0.14   0.967599   0.369387   0.534663
      0.15   0.961803   0.375616   0.540247
      0.16   0.957657   0.380251   0.544357
      0.17   0.950775   0.387776   0.550876
      0.18   0.947273   0.392185   0.554711
      0.19   0.940712   0.399793   0.561118
       0.2   0.936245   0.404919   0.565335
      0.21   0.925377   0.412627   0.570754
      0.22    0.91455   0.419838   0.575489
      0.23   0.909117   0.425754   0.579922
      0.24   0.897766   0.435076    0.58611
      0.25   0.891085   0.440404   0.589471
      0.26   0.874703   0.450623   0.594814
      0.27   0.860455   0.457026   0.596973
      0.28   0.837392   0.467504   0.600023
      0.29   0.826404   0.475707   0.603829
       0.3   0.808412   0.487376   0.608125
      0.31   0.792312   0.501105   0.613927
      0.32   0.774321    0.50989   0.614881
      0.33   0.756812   0.523741   0.619066
      0.34   0.750252   0.532072   0.622601
      0.35   0.735882    0.54582   0.626759
      0.36   0.729322   0.554573   0.630055
      0.37   0.712618   0.564514   0.629979
      0.38   0.703844   0.573263   0.631877
      0.39   0.686456   0.584306   0.631275
       0.4   0.672369    0.59065   0.628866
      0.41   0.655263   0.602545   0.627799
      0.42   0.634333   0.616265   0.625168
      0.43   0.624633   0.626103   0.625367
      0.44   0.606078   0.639102   0.622152
      0.45   0.592353   0.649421   0.619575
      0.46   0.563413   0.660646   0.608168
      0.47   0.551419   0.671403   0.605525
      0.48   0.537935   0.684795   0.602546
      0.49   0.530449   0.695394   0.601824
       0.5   0.514912   0.709976   0.596912
      0.51   0.497364   0.727428   0.590788
      0.52   0.486939   0.738755   0.586979
      0.53    0.47422   0.760897   0.584289
      0.54   0.466331   0.776843   0.582808
      0.55   0.453411   0.797773   0.578203
      0.56   0.443631   0.807952   0.572766
      0.57   0.425679   0.825861   0.561791
      0.58   0.413403   0.834379   0.552877
      0.59   0.401449   0.854139   0.546187
       0.6   0.393037   0.864852   0.540459
      0.61   0.380076   0.872691   0.529531
      0.62   0.367599    0.88596   0.519606
      0.63   0.358865   0.892412   0.511886
      0.64   0.341155   0.902514   0.495143
      0.65   0.329402   0.910399   0.483767
      0.66   0.316683   0.925018   0.471833
      0.67   0.300704   0.928351   0.454266
      0.68   0.286456   0.931271   0.438141
      0.69   0.267257    0.93597   0.415789
       0.7   0.247253   0.939457   0.391475
      0.71   0.234413   0.947489   0.375842
      0.72   0.216341   0.949875   0.352417
      0.73   0.199155   0.948718   0.329203
      0.74   0.185027   0.951768   0.309824
      0.75   0.168766   0.951128   0.286667
      0.76   0.151258   0.946467   0.260831
      0.77    0.12574   0.942257   0.221872
      0.78   0.109237   0.939394   0.195716
      0.79  0.0876635   0.942966   0.160414
       0.8  0.0742604   0.930233   0.137541
      0.81  0.0595291       0.92   0.111823
      0.82  0.0494667   0.915493  0.0938618
      0.83  0.0409338    0.89916  0.0783029
      0.84  0.0335681   0.915789  0.0647624
      0.85  0.0289394   0.906977  0.0560892
      0.86  0.0280137   0.911392  0.0543566
      0.87  0.0256792   0.914286  0.0499553
      0.88  0.0196015   0.923077  0.0383879
      0.89  0.0182733     0.9375  0.0358479
       0.9  0.0173073   0.930233  0.0339824
      0.91  0.0139666   0.911765  0.0275118
      0.92  0.0106259       0.92  0.0210091
      0.93  0.0084524   0.944444  0.0167549
      0.94 0.00764741          1  0.0151787
      0.95  0.0048702          1 0.00969318
      0.96  0.0048702          1 0.00969318
      0.97 0.00394446          1 0.00785792
      0.98 0.00346146          1 0.00689904
      0.99 0.00245522          1 0.00489842
