         0          1   0.308236   0.471224
      0.01    0.99834   0.292196   0.452078
      0.02   0.997988   0.312328   0.475762
      0.03   0.997082   0.338255   0.505142
      0.04   0.994769   0.364542   0.533558
      0.05   0.993109   0.369053    0.53813
      0.06   0.987324   0.374323   0.542839
      0.07   0.982696   0.377708   0.545679
      0.08   0.974598   0.382118    0.54899
      0.09   0.969668   0.385524   0.551701
       0.1   0.960412   0.388984   0.553707
      0.11   0.944366   0.391875   0.553902
      0.12   0.937173   0.391872   0.552656
      0.13   0.915443   0.393074   0.549992
      0.14   0.898038   0.393312   0.547038
      0.15   0.869014   0.395645   0.543737
      0.16   0.858853   0.396889   0.542898
      0.17   0.829427   0.396421   0.536449
      0.18   0.818813   0.398089   0.535722
      0.19   0.790091   0.397826   0.529193
       0.2   0.769266   0.398142   0.524713
      0.21   0.740744   0.400667   0.520043
      0.22   0.714738   0.404492   0.516615
      0.23    0.69673   0.407532   0.514261
      0.24   0.674396   0.412543   0.511928
      0.25   0.660513   0.415449   0.510073
      0.26   0.643913   0.417984   0.506915
      0.27    0.62666    0.42228   0.504559
      0.28   0.598139   0.426582      0.498
      0.29   0.585614   0.431489   0.496874
       0.3    0.55835    0.44029   0.492341
      0.31   0.539135   0.446965   0.488742
      0.32   0.518511   0.453025   0.483561
      0.33   0.495724    0.45775   0.475981
      0.34   0.482948   0.463849   0.473206
      0.35   0.459658   0.474467   0.466945
      0.36   0.435513   0.477124    0.45537
      0.37   0.414537   0.485772   0.447336
      0.38   0.401911     0.4891    0.44124
      0.39   0.370674   0.499807   0.425662
       0.4    0.35996   0.506397   0.420803
      0.41   0.323692    0.51448   0.397372
      0.42   0.309909   0.524117   0.389505
      0.43   0.298843   0.530159   0.382229
      0.44   0.277666   0.537709    0.36622
      0.45   0.260614   0.539506   0.351454
      0.46   0.239386   0.550754    0.33372
      0.47   0.227666   0.564611   0.324489
      0.48    0.21494   0.579119   0.313517
      0.49   0.208249    0.58391   0.307006
       0.5   0.200553   0.610732   0.301951
      0.51   0.193813   0.623773   0.295737
      0.52   0.189135   0.637972   0.291771
      0.53   0.170976   0.656836   0.271325
      0.54   0.163984   0.669065   0.263408
      0.55   0.152012   0.675325   0.248164
      0.56   0.141046   0.689655   0.234196
      0.57    0.13169   0.732181    0.22323
      0.58   0.125855   0.748804   0.215492
      0.59   0.114688   0.788301   0.200243
       0.6   0.102666   0.798762   0.181946
      0.61  0.0952716   0.839286   0.171119
      0.62  0.0897887   0.863454   0.162663
      0.63  0.0844567   0.862069   0.153842
      0.64  0.0801811   0.898551   0.147225
      0.65   0.072837   0.911917   0.134899
      0.66  0.0694165   0.908046   0.128973
      0.67  0.0649899   0.924051   0.121439
      0.68  0.0640845   0.950704   0.120075
      0.69  0.0621227   0.948905   0.116611
       0.7  0.0538732   0.956897   0.102004
      0.71  0.0523139   0.962264  0.0992329
      0.72  0.0451207   0.969388  0.0862279
      0.73  0.0396881   0.964706  0.0762397
      0.74  0.0370724   0.961538  0.0713923
      0.75  0.0311368   0.955882  0.0603091
      0.76  0.0306338   0.955224  0.0593638
      0.77  0.0289738   0.967742  0.0562632
      0.78  0.0283199   0.966667  0.0550277
      0.79  0.0253521   0.961538  0.0494017
       0.8  0.0252515   0.979167  0.0492334
      0.81  0.0198692          1  0.0389642
      0.82  0.0173541          1  0.0341162
      0.83  0.0132797          1  0.0262113
      0.84  0.0121227          1  0.0239551
      0.85  0.0115191          1  0.0227759
      0.86  0.0082495          1   0.016364
      0.87  0.0082495          1   0.016364
      0.88 0.00784708          1   0.015572
      0.89 0.00779678          1  0.0154729
       0.9 0.00679074          1  0.0134899
      0.91 0.00477867          1 0.00951189
      0.92 0.00432596          1 0.00861464
      0.93 0.00206237          1 0.00411626
      0.94 0.00206237          1 0.00411626
      0.95 0.00206237          1 0.00411626
      0.96 0.00206237          1 0.00411626
      0.97 0.00206237          1 0.00411626
      0.98 0.00206237          1 0.00411626
      0.99 0.00206237          1 0.00411626
