         0          1   0.363236   0.532903
      0.01          1   0.336326   0.503359
      0.02          1   0.336351   0.503388
      0.03          1    0.33636   0.503398
      0.04          1   0.336549   0.503609
      0.05          1   0.336673   0.503747
      0.06          1   0.337191   0.504328
      0.07          1   0.337967   0.505195
      0.08          1   0.339761   0.507196
      0.09          1   0.340951   0.508521
       0.1          1   0.342259   0.509974
      0.11   0.999914   0.344287   0.512211
      0.12   0.999828    0.34617   0.514281
      0.13   0.999785   0.349719   0.518181
      0.14    0.99944   0.351795    0.52041
      0.15   0.999096   0.355707   0.524631
      0.16   0.997718   0.358078   0.527013
      0.17   0.996728   0.362659   0.531817
      0.18    0.99479   0.366368   0.535513
      0.19   0.992336   0.371232   0.540328
       0.2   0.990528   0.374062   0.543048
      0.21   0.983079   0.379043    0.54713
      0.22   0.972488   0.383884   0.550472
      0.23   0.963704   0.386319   0.551542
      0.24   0.944545   0.390696   0.552754
      0.25   0.932016    0.39386   0.553723
      0.26   0.905322   0.397514   0.552454
      0.27   0.888616   0.401338   0.552943
      0.28   0.853225   0.403937   0.548297
      0.29   0.830449   0.407627   0.546838
       0.3   0.793249   0.413623   0.543729
      0.31   0.749117   0.423196   0.540851
      0.32   0.727461   0.431248   0.541493
      0.33   0.684362   0.440785   0.536208
      0.34   0.661758   0.449062   0.535047
      0.35   0.631103   0.463139    0.53423
      0.36   0.612632    0.47479   0.534975
      0.37   0.572548   0.488245   0.527047
      0.38   0.554077   0.498191    0.52465
      0.39   0.526479   0.510567   0.518401
       0.4   0.507362   0.523637   0.515371
      0.41   0.484543   0.539973   0.510758
      0.42    0.45518   0.558946   0.501754
      0.43   0.440627   0.577816   0.499981
      0.44   0.416128   0.596833   0.490362
      0.45   0.402049   0.615217   0.486299
      0.46    0.37303   0.638971   0.471058
      0.47   0.355851   0.656048    0.46142
      0.48   0.332989   0.686347   0.448421
      0.49   0.324765   0.712147   0.446095
       0.5   0.310859   0.744502   0.438589
      0.51   0.297641   0.771852   0.429614
      0.52   0.286662   0.790064   0.420685
      0.53   0.263584   0.815013    0.39834
      0.54   0.256092   0.827815   0.391172
      0.55   0.246878   0.852391   0.382867
      0.56   0.234522   0.866815   0.369164
      0.57   0.224188   0.891041   0.358242
      0.58   0.220916   0.897856   0.354587
      0.59   0.214673   0.915875    0.34782
       0.6   0.209507   0.919718   0.341273
      0.61   0.198054    0.93865   0.327092
      0.62    0.19151    0.94876   0.318691
      0.63   0.184621   0.957895   0.309575
      0.64   0.181736   0.975285   0.306381
      0.65   0.176397   0.979592    0.29896
      0.66   0.168647   0.988789   0.288148
      0.67   0.157238   0.992718   0.271476
      0.68   0.149186   0.991979   0.259366
      0.69   0.140661          1   0.246631
       0.7   0.132782          1   0.234436
      0.71   0.123827          1   0.220366
      0.72    0.11922          1   0.213041
      0.73   0.106992          1   0.193302
      0.74   0.103117          1   0.186956
      0.75  0.0877465          1   0.161336
      0.76   0.081159          1   0.150133
      0.77  0.0736244          1   0.137151
      0.78  0.0646689          1   0.121482
      0.79  0.0610092          1   0.115002
       0.8  0.0556704          1   0.105469
      0.81  0.0458968          1  0.0877655
      0.82  0.0406011          1  0.0780338
      0.83  0.0392663          1  0.0755655
      0.84  0.0321622          1  0.0623201
      0.85  0.0275984          1  0.0537143
      0.86   0.024197          1  0.0472507
      0.87  0.0238956          1  0.0466759
      0.88  0.0174374          1   0.034277
      0.89  0.0151124          1  0.0297748
       0.9  0.0144235          1  0.0284368
      0.91 0.00968742          1  0.0191889
      0.92 0.00917076          1  0.0181748
      0.93 0.00861104          1   0.017075
      0.94 0.00641522          1  0.0127487
      0.95 0.00615689          1  0.0122384
      0.96 0.00236804          1 0.00472488
      0.97  0.0021097          1 0.00421053
      0.98  0.0021097          1 0.00421053
      0.99 0.00189443          1 0.00378169
