         0          1   0.164811   0.282983
      0.01          1    0.14805   0.257915
      0.02          1   0.148646   0.258819
      0.03          1   0.149485   0.260091
      0.04          1    0.15092    0.26226
      0.05          1   0.152018   0.263916
      0.06          1   0.154529   0.267692
      0.07          1    0.15591   0.269761
      0.08   0.999524   0.159035   0.274408
      0.09   0.999524   0.161488   0.278053
       0.1   0.998952   0.165732   0.284298
      0.11   0.998666   0.170742   0.291624
      0.12   0.998571    0.17405   0.296432
      0.13   0.997999   0.179594   0.304409
      0.14   0.995904     0.1835     0.3099
      0.15   0.992188   0.189582   0.318337
      0.16   0.990759   0.194522   0.325196
      0.17   0.986568   0.202957   0.336657
      0.18    0.98209   0.207519   0.342638
      0.19   0.976851    0.21724   0.355436
       0.2   0.969325   0.223693     0.3635
      0.21   0.961703   0.233693   0.376015
      0.22   0.941221   0.243229   0.386563
      0.23    0.93341   0.251176   0.395835
      0.24    0.91569   0.263863   0.409675
      0.25   0.893779   0.270153   0.414898
      0.26   0.858817   0.281042   0.423497
      0.27   0.833286   0.287966   0.428018
      0.28   0.804706   0.299692   0.436733
      0.29   0.783557   0.307491   0.441661
       0.3   0.758312   0.320454   0.450522
      0.31   0.729447   0.330565   0.454956
      0.32    0.70725   0.339083   0.458394
      0.33   0.684767   0.351469   0.464517
      0.34   0.667048   0.362217   0.469493
      0.35   0.620082   0.375134   0.467464
      0.36   0.591502   0.378462   0.461586
      0.37   0.565114   0.393778   0.464139
      0.38    0.54749    0.40622   0.466392
      0.39   0.524245   0.414208   0.462775
       0.4   0.511098   0.425294   0.464265
      0.41   0.484234    0.44489   0.463729
      0.42   0.449652   0.451613    0.45063
      0.43   0.426884   0.456081      0.441
      0.44   0.392969    0.47076   0.428362
      0.45   0.388016   0.474019   0.426727
      0.46   0.348385   0.482968   0.404783
      0.47      0.332   0.486702   0.394735
      0.48    0.31609   0.493958   0.385496
      0.49   0.301896   0.493399   0.374591
       0.5   0.275507   0.484496   0.351267
      0.51   0.260646   0.472973   0.336083
      0.52   0.241688       0.48   0.321497
      0.53   0.221016   0.464286   0.299472
      0.54    0.21006   0.453642   0.287153
      0.55   0.200152   0.465385   0.279918
      0.56   0.176812   0.451327   0.254084
      0.57   0.161761   0.440415   0.236615
      0.58     0.1509   0.425414   0.222778
      0.59   0.134038   0.425806   0.203894
       0.6   0.123654   0.422535   0.191319
      0.61  0.0961227    0.37069    0.15266
      0.62   0.080785       0.34   0.130551
      0.63  0.0677336   0.318681   0.111722
      0.64  0.0615414   0.277108   0.100715
      0.65  0.0523959   0.253333  0.0868326
      0.66  0.0377251   0.242424    0.06529
      0.67  0.0357245   0.216667  0.0613358
      0.68  0.0325807   0.173077  0.0548385
      0.69    0.02515   0.166667   0.043705
       0.7   0.020101   0.153846  0.0355563
      0.71  0.0189578   0.142857  0.0334735
      0.72  0.0162904        0.1  0.0280167
      0.73 0.000666857  0.0384615 0.00131098
      0.74 0.000666857       0.04 0.00131184
      0.75          0          0          0
      0.76          0          0          0
      0.77          0          0          0
      0.78          0          0          0
      0.79          0          0          0
       0.8          0          0          0
      0.81          0          0          0
      0.82          0          0          0
      0.83          0          0          0
      0.84          0          0          0
      0.85          0          0          0
      0.86          0          0          0
      0.87          0          0          0
      0.88          0          0          0
      0.89          0          0          0
       0.9          0          0          0
      0.91          0          0          0
      0.92          0          0          0
      0.93          0          0          0
      0.94          0          0          0
      0.95          0          0          0
      0.96          0          0          0
      0.97          0          0          0
      0.98          0          0          0
      0.99          0          0          0
