         0          1   0.317058   0.481463
      0.01   0.998042   0.296532   0.457219
      0.02   0.998042   0.297107   0.457901
      0.03   0.997993   0.297653   0.458544
      0.04   0.997357   0.299721   0.460927
      0.05    0.99721   0.301621   0.463155
      0.06   0.996378   0.303993   0.465855
      0.07   0.995203    0.30569   0.467715
      0.08   0.992511   0.310425   0.472933
      0.09   0.990161     0.3132   0.475875
       0.1   0.987322    0.31942   0.482682
      0.11   0.984532     0.3268   0.490714
      0.12   0.982867   0.330839   0.495044
      0.13     0.9767   0.336489   0.500536
      0.14   0.970434   0.341265   0.504956
      0.15   0.959763   0.348991   0.511858
      0.16   0.953497   0.354165   0.516488
      0.17   0.946889   0.363093   0.524906
      0.18   0.936512   0.368965    0.52937
      0.19   0.923393   0.379042   0.537462
       0.2   0.916051   0.384847   0.541994
      0.21   0.899261   0.391205   0.545222
      0.22   0.886583   0.398775   0.550114
      0.23    0.87087   0.402835   0.550861
      0.24   0.851877   0.408322    0.55204
      0.25   0.833178   0.411071   0.550526
      0.26   0.812032   0.416781    0.55084
      0.27   0.796417   0.418901   0.549025
      0.28   0.769543   0.424771   0.547393
      0.29   0.753781   0.430878   0.548323
       0.3   0.730824   0.434989   0.545371
      0.31   0.703608   0.440318   0.541663
      0.32   0.685398   0.443903    0.53883
      0.33   0.656616   0.449313   0.533535
      0.34   0.639777   0.450383   0.528628
      0.35   0.613148   0.455421   0.522644
      0.36   0.590582    0.46124   0.517959
      0.37   0.564443   0.463757    0.50917
      0.38   0.549758   0.470781   0.507213
      0.39   0.536443   0.482332   0.507951
       0.4     0.5175   0.487888   0.502258
      0.41    0.49229   0.498991   0.495618
      0.42   0.458858   0.499087   0.478127
      0.43    0.44711   0.505566   0.474544
      0.44   0.434578   0.513866   0.470908
      0.45   0.425327   0.518566   0.467341
      0.46   0.406432   0.528414   0.459465
      0.47   0.386314   0.532274   0.447697
      0.48   0.360321   0.540021   0.432238
      0.49   0.351853   0.548653   0.428748
       0.5   0.337315   0.560731   0.421232
      0.51   0.309756   0.569064   0.401154
      0.52   0.300455   0.582826   0.396506
      0.53   0.291351   0.597543   0.391711
      0.54   0.282588   0.606245   0.385489
      0.55   0.273631   0.618197    0.37935
      0.56    0.26761   0.624573   0.374681
      0.57   0.260512   0.634458   0.369362
      0.58   0.248862   0.640805   0.358498
      0.59   0.239512   0.648318   0.349797
       0.6   0.236673   0.658405   0.348186
      0.61   0.225366   0.662777   0.336359
      0.62   0.214891    0.66285   0.324561
      0.63   0.208135   0.660858   0.316569
      0.64   0.191248   0.652616   0.295809
      0.65   0.183416   0.648233   0.285929
      0.66   0.168094   0.647959   0.266939
      0.67   0.151598    0.64432   0.245447
      0.68    0.13241   0.636364   0.219208
      0.69    0.11841   0.634615   0.199581
       0.7   0.109942   0.647196   0.187955
      0.71   0.101278   0.642857   0.174987
      0.72  0.0964805   0.643052   0.167787
      0.73  0.0912428   0.633333   0.159506
      0.74  0.0826766   0.624585   0.146024
      0.75   0.070537   0.608527    0.12642
      0.76  0.0670615   0.618644   0.121006
      0.77    0.05874   0.626214   0.107405
      0.78  0.0556072    0.61828   0.102037
      0.79  0.0442508   0.603896  0.0824594
       0.8  0.0419012   0.604167  0.0783674
      0.81  0.0339713   0.595238  0.0642744
      0.82  0.0256498   0.588785  0.0491581
      0.83  0.0250624   0.582524  0.0480572
      0.84  0.0229086   0.582418  0.0440833
      0.85   0.020559        0.6  0.0397558
      0.86   0.017622   0.618421  0.0342676
      0.87  0.0175731   0.630137  0.0341926
      0.88  0.0172794   0.636364  0.0336451
      0.89   0.016643   0.661017  0.0324685
       0.9   0.014685   0.590909  0.0286578
      0.91  0.0115033   0.538462  0.0225253
      0.92  0.0055803   0.428571  0.0110172
      0.93 0.00053845      0.375 0.00107536
      0.94  0.0004895   0.333333 0.000977565
      0.95          0          0          0
      0.96          0          0          0
      0.97          0          0          0
      0.98          0          0          0
      0.99          0          0          0
