         0          1    0.28722   0.446264
      0.01   0.998009   0.275872   0.432258
      0.02   0.998009   0.279203   0.436337
      0.03   0.998009   0.282194    0.43998
      0.04   0.996733   0.288869   0.447923
      0.05   0.994487   0.293501   0.453238
      0.06   0.993466   0.302585   0.463883
      0.07   0.991424   0.307645   0.469577
      0.08   0.987391   0.315628   0.478347
      0.09    0.98443   0.320751   0.483851
       0.1   0.976773   0.328562   0.491722
      0.11   0.966869   0.336114   0.498822
      0.12    0.96156   0.340496   0.502908
      0.13   0.942723   0.345642   0.505827
      0.14   0.931237   0.349449   0.508196
      0.15    0.92021   0.354936   0.512279
      0.16   0.914952   0.358605    0.51526
      0.17   0.907959   0.363739     0.5194
      0.18   0.900403   0.367071   0.521529
      0.19    0.88907   0.372438   0.524965
       0.2   0.882945   0.374699   0.526124
      0.21   0.864056   0.378471   0.526379
      0.22      0.854   0.382846   0.528684
      0.23   0.843637   0.385341   0.529038
      0.24   0.824442   0.387725   0.527414
      0.25   0.815253   0.389048   0.526733
      0.26   0.795242   0.391151   0.524379
      0.27   0.785186   0.390779   0.521843
      0.28   0.760631   0.393256   0.518461
      0.29   0.746133   0.394156   0.515821
       0.3   0.725203   0.393889   0.510502
      0.31   0.707438   0.396476    0.50816
      0.32   0.701465   0.398068   0.507908
      0.33    0.68855   0.402083   0.507694
      0.34   0.679973   0.403242   0.506259
      0.35    0.66762   0.405651   0.504664
      0.36   0.661187   0.406066   0.503134
      0.37   0.640513   0.404901   0.496156
      0.38   0.628312   0.407026   0.494021
      0.39   0.614222   0.405494   0.488495
       0.4   0.602328   0.407171   0.485885
      0.41   0.582368   0.406659   0.478905
      0.42   0.565675   0.404743   0.471865
      0.43   0.557047   0.406745   0.470177
      0.44   0.535505   0.402834   0.459791
      0.45   0.518607   0.401254   0.452445
      0.46   0.500944   0.402925    0.44662
      0.47   0.489663   0.401661   0.441318
      0.48   0.469141   0.400467   0.432092
      0.49   0.461688   0.402259   0.429929
       0.5   0.439022   0.398509   0.417786
      0.51   0.417581     0.3944    0.40566
      0.52   0.405789    0.39019   0.397837
      0.53   0.377916   0.388946   0.383352
      0.54   0.365001    0.38574   0.375084
      0.55   0.340548   0.377998   0.358297
      0.56   0.323243   0.371713   0.345788
      0.57   0.300577   0.365541   0.329891
      0.58    0.28955    0.35984   0.320891
      0.59   0.268365   0.346172   0.302343
       0.6   0.253459   0.340457   0.290586
      0.61    0.22237   0.329952   0.265683
      0.62   0.207565    0.32667   0.253841
      0.63   0.200368   0.322136   0.247063
      0.64   0.181633   0.320645   0.231902
      0.65   0.168768   0.316292   0.220096
      0.66   0.157231   0.317982   0.210418
      0.67   0.148757   0.319816   0.203063
      0.68    0.13773   0.316872   0.192005
      0.69   0.134106   0.318493    0.18874
       0.7   0.132217   0.324424   0.187869
      0.71   0.129971   0.336978   0.187589
      0.72   0.122977   0.338266   0.180378
      0.73   0.102302   0.337587   0.157021
      0.74  0.0985757   0.358586   0.154641
      0.75  0.0935219   0.386095   0.150572
      0.76  0.0876512       0.41   0.144426
      0.77  0.0763183   0.428295   0.129552
      0.78  0.0697841    0.43038   0.120095
      0.79  0.0642197   0.456471   0.112598
       0.8   0.061361   0.467532   0.108484
      0.81  0.0567666   0.489614   0.101738
      0.82  0.0513554   0.537367  0.0937511
      0.83  0.0487008      0.544  0.0893983
      0.84  0.0438001   0.567308  0.0813216
      0.85  0.0360917   0.565445  0.0678524
      0.86   0.027005   0.552326  0.0514923
      0.87  0.0215427   0.547771  0.0414551
      0.88  0.0198581   0.555556  0.0383455
      0.89  0.0197049   0.587302  0.0381305
       0.9  0.0177651   0.591837  0.0344947
      0.91  0.0172035   0.658228  0.0335307
      0.92   0.013528    0.62963  0.0264869
      0.93 0.00781051      0.625  0.0154282
      0.94 0.00760631   0.676471  0.0150435
      0.95 0.00684057   0.692308  0.0135473
      0.96 0.00663638   0.666667  0.0131419
      0.97 0.00367553   0.529412 0.00730038
      0.98 0.00336924        0.5 0.00669337
      0.99  0.0029098   0.333333 0.00576923
