         0          1   0.273534   0.429567
      0.01   0.999613   0.242407   0.390192
      0.02   0.999516   0.244137   0.392422
      0.03    0.99908   0.246574   0.395531
      0.04   0.998838   0.252821   0.403508
      0.05   0.998402   0.258676   0.410893
      0.06   0.996563   0.269549   0.424327
      0.07   0.996369   0.277579   0.434196
      0.08   0.994627   0.289102   0.447989
      0.09   0.993755   0.298137   0.458669
       0.1    0.99177   0.311305   0.473869
      0.11   0.987268   0.323465    0.48728
      0.12   0.984654   0.331657   0.496186
      0.13   0.982718   0.345036   0.510746
      0.14   0.980685   0.354236   0.520471
      0.15   0.975069   0.364598   0.530741
      0.16   0.972164     0.3729   0.539038
      0.17   0.964758   0.386479   0.551878
      0.18   0.963015     0.3942   0.559411
      0.19    0.95677   0.406169   0.570253
       0.2   0.953043    0.41442   0.577654
      0.21   0.949315   0.425592   0.587707
      0.22   0.943119   0.435286   0.595655
      0.23   0.938229   0.441718    0.60065
      0.24   0.932807   0.453624   0.610407
      0.25   0.927482    0.45836    0.61352
      0.26   0.919253   0.470509   0.622433
      0.27    0.91567   0.480116   0.629936
      0.28     0.9102   0.492332   0.639017
      0.29   0.903519   0.498474   0.642486
       0.3   0.892918   0.508541   0.648018
      0.31   0.880525   0.518316   0.652526
      0.32   0.869197   0.524764   0.654428
      0.33   0.854287   0.535789    0.65855
      0.34   0.841991   0.539311   0.657488
      0.35   0.817786   0.545292   0.654302
      0.36   0.801036   0.549851   0.652091
      0.37   0.770102   0.554267   0.644597
      0.38   0.746527   0.556866   0.637897
      0.39   0.707218   0.561957   0.626275
       0.4   0.681222   0.567125   0.618959
      0.41   0.634264   0.570039   0.600439
      0.42   0.598393   0.574504   0.586205
      0.43   0.558794   0.571686   0.565166
      0.44    0.52239   0.575236    0.54754
      0.45   0.490875   0.576763   0.530364
      0.46   0.455875   0.589474   0.514137
      0.47   0.437382   0.591415   0.502867
      0.48   0.405432   0.598956    0.48355
      0.49   0.388246   0.609078   0.474213
       0.5   0.363025   0.627008   0.459822
      0.51   0.343225   0.654565   0.450322
      0.52   0.336206   0.669346   0.447591
      0.53   0.323183   0.689106   0.440008
      0.54    0.31965   0.700753   0.439033
      0.55    0.30929   0.721929   0.433051
      0.56   0.307257   0.736196   0.433563
      0.57   0.303287   0.756201   0.432937
      0.58   0.300189   0.767204    0.43153
      0.59   0.293799   0.794712      0.429
       0.6   0.289926   0.809332   0.426918
      0.61   0.279324   0.830938   0.418101
      0.62   0.276081   0.858929   0.417853
      0.63   0.271918    0.87384   0.414769
      0.64   0.268335   0.891732   0.412533
      0.65   0.258653   0.902141   0.402038
      0.66   0.254248   0.915688   0.397991
      0.67   0.252747   0.924837   0.396999
      0.68   0.247616   0.935374   0.391573
      0.69   0.243114   0.941793   0.386466
       0.7   0.241661   0.947557   0.385107
      0.71   0.237982    0.96064   0.381463
      0.72   0.235755    0.96478   0.378918
      0.73   0.230818    0.97389   0.373188
      0.74   0.228639   0.977181   0.370572
      0.75   0.225396   0.986034   0.366918
      0.76   0.222104   0.986975   0.362608
      0.77   0.214165    0.99084   0.352203
      0.78   0.207484   0.990476   0.343097
      0.79   0.203805   0.993197   0.338209
       0.8   0.195091   0.992714   0.326097
      0.81    0.18691   0.992032   0.314554
      0.82   0.171322   0.995526   0.292336
      0.83   0.164399   0.995098    0.28218
      0.84   0.140679          1   0.246658
      0.85   0.121944          1    0.21738
      0.86   0.112262          1   0.201863
      0.87  0.0902842          1   0.165616
      0.88  0.0718401          1    0.13405
      0.89  0.0585758          1   0.110669
       0.9  0.0411483          1   0.079044
      0.91   0.028949          1  0.0562691
      0.92  0.0244953          1  0.0478193
      0.93  0.0244469          1  0.0477271
      0.94  0.0242049          1  0.0472657
      0.95  0.0191703          1  0.0376193
      0.96   0.016072          1  0.0316356
      0.97  0.0152975          1   0.030134
      0.98  0.0134095          1  0.0264641
      0.99 0.00668054          1  0.0132724
