         0          1   0.279386    0.43675
      0.01   0.995955   0.261212   0.413876
      0.02   0.994712   0.268817   0.423251
      0.03   0.993832   0.274947   0.430731
      0.04   0.992153   0.284009   0.441606
      0.05    0.99086   0.289603   0.448206
      0.06   0.988166   0.296855   0.456556
      0.07   0.985539   0.301253   0.461452
      0.08   0.980441   0.307894   0.468624
      0.09   0.976402   0.312374   0.473321
       0.1   0.967971   0.318805    0.47964
      0.11   0.959543   0.325391   0.485981
      0.12   0.952848   0.329728   0.489922
      0.13   0.941278   0.336271   0.495518
      0.14   0.933368    0.34061   0.499089
      0.15   0.918716   0.347144    0.50389
      0.16   0.908294   0.351694   0.507055
      0.17   0.891612   0.358641   0.511526
      0.18   0.879949   0.363331   0.514305
      0.19   0.860394   0.370722   0.518176
       0.2   0.847519   0.375885   0.520792
      0.21   0.828039   0.383526   0.524238
      0.22   0.807569   0.391485   0.527335
      0.23   0.792936   0.397104   0.529189
      0.24   0.769844   0.405655   0.531333
      0.25   0.755256   0.411438   0.532687
      0.26   0.731878   0.420622   0.534219
      0.27   0.716204   0.426658   0.534753
      0.28   0.692548   0.436288   0.535331
      0.29   0.677455   0.442732   0.535501
       0.3   0.654259   0.452208   0.534785
      0.31   0.629633    0.46131   0.532486
      0.32   0.613093   0.467759   0.530655
      0.33   0.589098   0.477532    0.52748
      0.34   0.573132    0.48339    0.52445
      0.35   0.550284   0.492878   0.520002
      0.36   0.535004   0.499245   0.516507
      0.37   0.512476   0.508614   0.510538
      0.38   0.497698   0.515357   0.506374
      0.39   0.476316   0.524279   0.499148
       0.4   0.463264   0.531276   0.494944
      0.41    0.44106   0.540472   0.485731
      0.42   0.419916   0.549349   0.475991
      0.43   0.406088   0.555774   0.469284
      0.44   0.385776   0.564665   0.458386
      0.45   0.372873   0.570354    0.45094
      0.46   0.353816   0.579796   0.439457
      0.47    0.34206   0.585217   0.431757
      0.48    0.32251   0.593925   0.418026
      0.49   0.311809    0.60001   0.410363
       0.5   0.296416   0.609498   0.398857
      0.51   0.281528   0.616927   0.386624
      0.52   0.271378   0.622511   0.377979
      0.53   0.257337   0.632252   0.365791
      0.54   0.249416   0.639036   0.358794
      0.55   0.236977   0.648559    0.34712
      0.56   0.228116   0.654027   0.338253
      0.57   0.216311   0.664697   0.326402
      0.58   0.208693   0.668917   0.318133
      0.59    0.19799   0.678723   0.306555
       0.6   0.191341   0.684431   0.299072
      0.61   0.180497   0.691517   0.286272
      0.62   0.171467   0.700655    0.27551
      0.63    0.16448   0.706914   0.266867
      0.64    0.15539   0.717016   0.255425
      0.65   0.149922   0.723764   0.248391
      0.66   0.141613   0.732298    0.23733
      0.67   0.136495   0.737952   0.230378
      0.68   0.128841   0.742913   0.219597
      0.69   0.123891   0.747143   0.212538
       0.7   0.116103   0.752879   0.201182
      0.71   0.109207   0.760769   0.190996
      0.72   0.104233   0.766004   0.183497
      0.73  0.0960268   0.774267   0.170863
      0.74  0.0920797   0.781101   0.164739
      0.75  0.0853774   0.793712   0.154171
      0.76  0.0815594   0.805481   0.148121
      0.77  0.0757074    0.82213   0.138647
      0.78  0.0716209   0.831613   0.131884
      0.79  0.0653326   0.843182   0.121269
       0.8  0.0614353   0.850288   0.114591
      0.81  0.0560643   0.860444    0.10527
      0.82  0.0500048   0.871088  0.0945802
      0.83  0.0466587   0.874678  0.0885916
      0.84   0.041719   0.881442  0.0796672
      0.85  0.0386251    0.88329  0.0740137
      0.86  0.0346393   0.887699  0.0666769
      0.87  0.0317072   0.886778  0.0612253
      0.88  0.0275984   0.883452  0.0535247
      0.89  0.0246022   0.884564  0.0478729
       0.9   0.020833   0.878592   0.040701
      0.91   0.016953   0.871324   0.033259
      0.92  0.0144999   0.862532  0.0285204
      0.93  0.0110023   0.854811   0.021725
      0.94 0.00924387   0.845426  0.0182878
      0.95 0.00692197   0.825421  0.0137288
      0.96 0.00544523   0.810547  0.0108178
      0.97  0.0041841    0.79726 0.00832451
      0.98 0.00338267        0.8 0.00673686
      0.99 0.00219274   0.755906 0.00437279
