    119082       0.29   0.721153   0.658537   0.688424
     58060          0          1   0.374026   0.544424
     42049       0.24   0.879484    0.88181   0.880645
     24077       0.14   0.903755   0.519177   0.659495
     78004        0.4   0.702143   0.767489   0.733363
     45096       0.14   0.756289   0.666863   0.708766
     38092       0.32   0.807765    0.72593   0.764664
     43074       0.29   0.501375   0.723733   0.592375
     16077   0.368687    0.63638   0.417846   0.504463
     86000       0.11   0.944366   0.391875   0.553902
    101085        0.2   0.902628   0.364442   0.519238
     89072       0.23   0.843637   0.385341   0.529038
    126007       0.18   0.843437   0.525886   0.647841
     76053        0.3   0.642301   0.650688   0.646467
     86016       0.25   0.932016    0.39386   0.553723
    103070   0.249394   0.682353   0.483525   0.565985
      8023        0.3   0.685622   0.282178   0.399809
     41033       0.33   0.561532   0.527959   0.544228
    109053   0.209091   0.830717   0.335819   0.478289
    130026       0.53    0.36396   0.522147   0.428933
    108082       0.04    0.97087   0.157386   0.270863
     69040          0          1   0.319512   0.484288
     14037        0.2   0.760757   0.620034   0.683225
     54082       0.17   0.871294   0.602426   0.712334
     62096       0.56   0.633662   0.603732   0.618335
     12084   0.304646   0.813826   0.339586   0.479211
     69015       0.22    0.71241   0.716429   0.714414
     97033       0.33   0.854287   0.535789    0.65855
     19021       0.22   0.686835   0.608512   0.645306
     86068       0.34   0.667048   0.362217   0.469493
      3096       0.28    0.70586   0.889991   0.787303
     41069   0.406465   0.452447   0.543621   0.493861
     21077   0.267374    0.84386   0.598485   0.700301
    108070          0          1   0.230724    0.37494
    123074       0.47   0.335333   0.519028   0.407433
     38082   0.261919   0.808083   0.500792   0.618366
     33039          0          1   0.331079    0.49746
    108005       0.28   0.703941   0.441484   0.542644
    106024        0.3   0.519568   0.384045   0.441643
    102061        0.2   0.842714   0.333676   0.478062
     37073       0.15   0.958562   0.863424   0.908509
     65033       0.29   0.606394   0.548263   0.575866
     55073       0.25   0.800052   0.442606    0.56992
     66053       0.28   0.697269   0.540012   0.608647
     85048       0.38   0.703844   0.573263   0.631877
     42012       0.12   0.872161   0.464882   0.606491
     87046       0.24   0.851877   0.408322    0.55204
    105025        0.4   0.580125   0.491071   0.531897
    101087       0.17   0.892914   0.665829    0.76283
     69020       0.33   0.660032   0.492983   0.564406
