         0          1   0.295659   0.456384
      0.01   0.975637    0.37176   0.538376
      0.02   0.969341   0.384195   0.550286
      0.03   0.962772   0.387601   0.552693
      0.04   0.928359   0.390211   0.549468
      0.05   0.906421   0.392543   0.547835
      0.06   0.874746   0.400437   0.549381
      0.07   0.857305   0.406838   0.551811
      0.08   0.821993   0.415106   0.551636
      0.09   0.798686   0.423111   0.553173
       0.1   0.767871   0.438953   0.558589
      0.11   0.717191   0.448637   0.551983
      0.12   0.690677    0.45564   0.549063
      0.13   0.643243   0.469126   0.542557
      0.14   0.617824   0.480739   0.540729
      0.15   0.580127   0.496267    0.53493
      0.16   0.556664   0.504398   0.529243
      0.17   0.526826   0.517418    0.52208
      0.18   0.499765   0.524105   0.511646
      0.19   0.462694    0.53824   0.497616
       0.2   0.443493   0.547884   0.490192
      0.21   0.412834   0.565882   0.477392
      0.22   0.384209   0.592292    0.46608
      0.23   0.371344    0.60618   0.460554
      0.24   0.351752   0.638027    0.45349
      0.25   0.340568   0.656817   0.448555
      0.26   0.326959   0.684913   0.442622
      0.27   0.317457   0.703377   0.437469
      0.28   0.299194   0.728098   0.424111
      0.29   0.285899   0.748706   0.413789
       0.3   0.269553   0.774952    0.39998
      0.31   0.253754   0.808957   0.386325
      0.32   0.246989   0.827997   0.380481
      0.33   0.234905   0.841296   0.367264
      0.34    0.22595   0.859348   0.357819
      0.35   0.212537   0.873832   0.341913
      0.36   0.203621   0.886432    0.33117
      0.37   0.187979   0.905724   0.311341
      0.38    0.17965   0.913813   0.300268
      0.39   0.163265   0.919585   0.277297
       0.4   0.159432   0.924863   0.271979
      0.41   0.151846   0.924855   0.260862
      0.42   0.147818   0.928135    0.25502
      0.43   0.143125   0.942997    0.24853
      0.44   0.138276   0.953043   0.241512
      0.45   0.134444   0.953237   0.235652
      0.46    0.12764   0.954111   0.225158
      0.47   0.121422      0.956   0.215476
      0.48   0.115869   0.958159   0.206737
      0.49   0.113327   0.961039   0.202746
       0.5   0.105936   0.967742   0.190968
      0.51   0.103942   0.975962   0.187875
      0.52   0.100735       0.98   0.182691
      0.53  0.0972939   0.991979   0.177207
      0.54   0.094713   0.997199   0.172995
      0.55  0.0855623          1   0.157637
      0.56  0.0830596          1    0.15338
      0.57  0.0798139          1   0.147829
      0.58  0.0764899          1    0.14211
      0.59  0.0727749          1   0.135676
       0.6  0.0698811          1   0.130633
      0.61  0.0677694          1   0.126936
      0.62  0.0612389          1    0.11541
      0.63  0.0608869          1   0.114785
      0.64  0.0574847          1    0.10872
      0.65  0.0546692          1   0.103671
      0.66  0.0499374          1  0.0951246
      0.67   0.047904          1  0.0914281
      0.68  0.0448146          1  0.0857849
      0.69   0.043094          1  0.0826273
       0.7  0.0387924          1  0.0746875
      0.71   0.036407          1  0.0702562
      0.72   0.032692          1  0.0633141
      0.73   0.030463          1  0.0591249
      0.74  0.0297591          1  0.0577982
      0.75  0.0290943          1  0.0565435
      0.76  0.0286642          1  0.0557308
      0.77  0.0278038          1  0.0541034
      0.78  0.0267089          1  0.0520282
      0.79  0.0262787          1  0.0512117
       0.8  0.0258486          1  0.0503945
      0.81  0.0249101          1  0.0486093
      0.82  0.0234632          1  0.0458505
      0.83  0.0232285          1  0.0454024
      0.84  0.0221336          1  0.0433086
      0.85  0.0212733          1  0.0416603
      0.86  0.0200219          1  0.0392578
      0.87  0.0195135          1  0.0382801
      0.88  0.0186141          1  0.0365479
      0.89  0.0170108          1  0.0334525
       0.9  0.0138433          1  0.0273085
      0.91  0.0118098          1  0.0233439
      0.92  0.0100892          1  0.0199768
      0.93  0.0081339          1  0.0161365
      0.94 0.00696074          1  0.0138252
      0.95 0.00649148          1  0.0128992
      0.96 0.00473174          1 0.00941891
      0.97 0.00289379          1 0.00577088
      0.98 0.00289379          1 0.00577088
      0.99 0.00254184          1  0.0050708
