         0          1   0.296598   0.457502
      0.01   0.965963   0.577491    0.72284
      0.02   0.962818   0.603611   0.742028
      0.03    0.95414   0.615876   0.748568
      0.04   0.933479   0.639371   0.758927
      0.05   0.912938   0.657489   0.764438
      0.06   0.880533   0.678859   0.766655
      0.07   0.857365   0.689859   0.764545
      0.08   0.822452   0.701657   0.757268
      0.09    0.79371    0.70658   0.747615
       0.1   0.745661   0.725767    0.73558
      0.11   0.696377   0.736036   0.715658
      0.12   0.667556   0.748477   0.705704
      0.13   0.619228   0.765876   0.684789
      0.14   0.594865   0.780854   0.675287
      0.15    0.56668   0.800783   0.663693
      0.16   0.547213   0.814984   0.654781
      0.17   0.505932   0.830914   0.628922
      0.18   0.486545   0.845734   0.617719
      0.19     0.4541   0.860683   0.594526
       0.2   0.439331   0.868712   0.583547
      0.21   0.414132   0.881375   0.563495
      0.22    0.38953   0.888821   0.541671
      0.23   0.367954    0.88698   0.520135
      0.24   0.329538   0.892238    0.48131
      0.25   0.312301   0.901896   0.463949
      0.26   0.277229   0.918017   0.425856
      0.27   0.260191   0.920408   0.405696
      0.28   0.243113   0.925926   0.385111
      0.29   0.233718   0.930832   0.373625
       0.3   0.219944   0.933998   0.356045
      0.31   0.212142    0.94026   0.346179
      0.32   0.202826   0.941489   0.333752
      0.33   0.195024   0.948468   0.323525
      0.34   0.190326   0.955137   0.317405
      0.35   0.186704   0.959641   0.312591
      0.36   0.180494   0.965785   0.304146
      0.37   0.175637    0.96769   0.297311
      0.38   0.171019    0.97005   0.290775
      0.39   0.166202   0.973958    0.28395
       0.4   0.161146   0.976492    0.27664
      0.41    0.15621    0.97561   0.269301
      0.42    0.15004   0.974609   0.260046
      0.43   0.145661   0.975709    0.25348
      0.44    0.13547   0.978541   0.237992
      0.45   0.131449   0.977778   0.231743
      0.46   0.130215   0.979499   0.229871
      0.47   0.123925   0.981265   0.220059
      0.48   0.120382   0.982759   0.214491
      0.49   0.118869     0.9825    0.21208
       0.5   0.114729   0.981771    0.20545
      0.51   0.110947   0.981183   0.199353
      0.52   0.109674   0.980822   0.197287
      0.53   0.105016   0.980114   0.189706
      0.54   0.101194   0.979651    0.18344
      0.55  0.0978503   0.979228   0.177922
      0.56  0.0963376   0.978852   0.175411
      0.57  0.0935111   0.978328   0.170706
      0.58  0.0933917   0.978125   0.170504
      0.59  0.0905653   0.980519   0.165815
       0.6  0.0876194   0.980132   0.160859
      0.61  0.0867834   0.983051   0.159487
      0.62  0.0842755   0.982332   0.155233
      0.63  0.0827627   0.982014    0.15266
      0.64  0.0770701   0.981132   0.142914
      0.65  0.0748408   0.980545   0.139067
      0.66  0.0740048   0.980392   0.137621
      0.67  0.0698646   0.979508   0.130426
      0.68  0.0658838   0.978903   0.123458
      0.69  0.0645303   0.978541   0.121076
       0.7  0.0603105   0.977679   0.113613
      0.71  0.0574045   0.977064   0.108438
      0.72  0.0570064   0.976852   0.107726
      0.73  0.0549363   0.975728   0.104016
      0.74  0.0531449      0.975   0.100796
      0.75  0.0517914   0.973958  0.0983528
      0.76  0.0513933   0.973404  0.0976319
      0.77  0.0496019   0.971751   0.094386
      0.78  0.0463376   0.968553  0.0884438
      0.79  0.0426354   0.964286  0.0816601
       0.8  0.0416799   0.961832  0.0798976
      0.81  0.0361067   0.965217  0.0696094
      0.82  0.0308519       0.96  0.0597826
      0.83  0.0291003   0.953488   0.056477
      0.84  0.0263535   0.945205  0.0512773
      0.85  0.0212978   0.932203  0.0416441
      0.86  0.0165207    0.93617  0.0324684
      0.87  0.0140924   0.928571  0.0277634
      0.88   0.013535   0.916667  0.0266762
      0.89   0.011465   0.896552  0.0226404
       0.9  0.0089172       0.85  0.0176492
      0.91    0.00625   0.769231  0.0123993
      0.92 0.00421975       0.75 0.00839227
      0.93 0.00238854   0.666667 0.00476002
      0.94 0.00238854   0.666667 0.00476002
      0.95 0.00183121        0.5 0.00364906
      0.96          0          0          0
      0.97          0          0          0
      0.98          0          0          0
      0.99          0          0          0
