         0          1   0.168956   0.289072
      0.01   0.935921   0.284001    0.43577
      0.02   0.918773   0.284531   0.434502
      0.03   0.900312   0.287261   0.435552
      0.04   0.884805    0.29415   0.441519
      0.05   0.875123   0.297678   0.444244
      0.06   0.863718   0.306049   0.451953
      0.07   0.851904   0.310223   0.454821
      0.08    0.82934   0.320035   0.461847
      0.09     0.8021   0.324882   0.462452
       0.1    0.77125   0.334277   0.466404
      0.11   0.739826   0.346313   0.471784
      0.12   0.727191   0.355564   0.477602
      0.13   0.704463   0.368247   0.483665
      0.14   0.677059   0.375907   0.483418
      0.15   0.659583   0.386575   0.487456
      0.16   0.647522   0.388446   0.485589
      0.17   0.628323   0.396055   0.485857
      0.18   0.609206   0.400722   0.483445
      0.19   0.592878   0.407756   0.483193
       0.2   0.582704   0.411458   0.482333
      0.21   0.565228   0.421742   0.483055
      0.22   0.538891   0.425291   0.475399
      0.23   0.527732   0.426721   0.471881
      0.24   0.502297   0.425347    0.46063
      0.25   0.481047   0.422757   0.450023
      0.26   0.464227   0.422689   0.442486
      0.27   0.450197   0.420908    0.43506
      0.28   0.421234   0.425355   0.423284
      0.29   0.410486   0.424581   0.417414
       0.3   0.388087   0.420546   0.403665
      0.31   0.374631    0.42735   0.399258
      0.32   0.365195   0.432977   0.396208
      0.33   0.349688   0.441919   0.390431
      0.34   0.340089   0.452555   0.388343
      0.35    0.32893   0.462792   0.384545
      0.36   0.323269   0.465134   0.381438
      0.37   0.310633   0.477419   0.376377
      0.38   0.302265   0.479429    0.37077
      0.39   0.279947   0.482448   0.354305
       0.4   0.265015   0.479659   0.341403
      0.41   0.246144   0.480533   0.325537
      0.42   0.234247   0.484153   0.315733
      0.43   0.223663   0.481524   0.305448
      0.44   0.212258   0.486792   0.295617
      0.45    0.20471   0.485526   0.287994
      0.46    0.18551   0.485423   0.268435
      0.47     0.1787   0.488584   0.261688
      0.48   0.162127   0.497512   0.244558
      0.49   0.159009   0.500861   0.241385
       0.5   0.147358   0.500935   0.227727
      0.51   0.140466   0.497976   0.219123
      0.52   0.140138   0.514768   0.220302
      0.53   0.135215   0.515695   0.214253
      0.54   0.131195    0.52459   0.209896
      0.55   0.120939   0.522613   0.196423
      0.56   0.116016   0.528947   0.190294
      0.57   0.110026   0.547009   0.183203
      0.58   0.108631   0.555224   0.181711
      0.59   0.101083   0.561056   0.171303
       0.6  0.0990318     0.5625   0.168413
      0.61  0.0886938   0.571429   0.153554
      0.62  0.0861503   0.581673   0.150074
      0.63  0.0817197   0.584034   0.143378
      0.64  0.0766328   0.608295   0.136117
      0.65  0.0745816   0.607656   0.132857
      0.66  0.0734329   0.636842   0.131682
      0.67  0.0708894   0.642857   0.127697
      0.68  0.0654742   0.647059   0.118916
      0.69  0.0611257   0.650307   0.111748
       0.7  0.0609616   0.689189   0.112015
      0.71  0.0570233   0.696296   0.105414
      0.72  0.0566131   0.708661    0.10485
      0.73  0.0493108        0.7  0.0921315
      0.74  0.0473416   0.708738  0.0887547
      0.75  0.0460289   0.731183  0.0866058
      0.76  0.0422547   0.732558  0.0799006
      0.77  0.0390548   0.716216  0.0740706
      0.78  0.0383164   0.735294  0.0728372
      0.79  0.0357729   0.745763  0.0682709
       0.8  0.0331474   0.722222  0.0633856
      0.81  0.0294552   0.717391   0.056587
      0.82  0.0248605   0.638889  0.0478588
      0.83  0.0238759    0.65625  0.0460755
      0.84  0.0164916   0.576923  0.0320666
      0.85  0.0123072   0.541667  0.0240675
      0.86 0.00910732   0.526316  0.0179048
      0.87 0.00910732   0.526316  0.0179048
      0.88 0.00894322   0.529412  0.0175893
      0.89 0.00894322     0.5625  0.0176065
       0.9 0.00713817   0.583333  0.0141038
      0.91 0.00713817        0.7  0.0141322
      0.92 0.00631769   0.857143  0.0125429
      0.93 0.00631769          1  0.0125561
      0.94 0.00574335          1  0.0114211
      0.95 0.00574335          1  0.0114211
      0.96 0.00574335          1  0.0114211
      0.97 0.00525107          1  0.0104473
      0.98 0.00484083          1 0.00963501
      0.99 0.00418444          1 0.00833401
