         0          1   0.337394   0.504555
      0.01    0.87185   0.398605   0.547086
      0.02   0.868683   0.403866   0.551384
      0.03     0.8582    0.40844   0.553469
      0.04    0.84408   0.413263   0.554864
      0.05   0.836764   0.415831    0.55557
      0.06   0.816268   0.423177   0.557388
      0.07   0.804116   0.429412   0.559853
      0.08   0.787044   0.441201   0.565432
      0.09   0.779513   0.448252   0.569194
       0.1   0.757991   0.461193   0.573466
      0.11   0.735313   0.476279   0.578105
      0.12   0.721706   0.486592   0.581274
      0.13    0.69582   0.500933   0.582508
      0.14   0.677464   0.511815   0.583103
      0.15   0.649138   0.523728   0.579728
      0.16   0.623123   0.533033   0.574568
      0.17   0.579564   0.549158   0.563951
      0.18   0.562235   0.563255   0.562745
      0.19   0.533738   0.583881   0.557685
       0.2   0.516452   0.599436   0.554859
      0.21   0.491507   0.621142   0.548772
      0.22   0.466989   0.640909   0.540298
      0.23   0.452313   0.652304   0.534204
      0.24   0.430448   0.668629   0.523731
      0.25   0.417526   0.676694   0.516418
      0.26   0.390099   0.687149   0.497668
      0.27   0.380514   0.694455   0.491642
      0.28   0.362329   0.708156   0.479382
      0.29   0.352017   0.713651   0.471474
       0.3   0.337769   0.724693   0.460777
      0.31   0.318857   0.732215   0.444255
      0.32    0.31124    0.73883   0.437978
      0.33   0.296607   0.750432   0.425167
      0.34   0.287151    0.75641   0.416274
      0.35   0.271533   0.768414    0.40127
      0.36   0.261563   0.785564   0.392454
      0.37   0.248684   0.794095   0.378755
      0.38    0.24325   0.806375   0.373754
      0.39   0.236832    0.82732   0.368248
       0.4   0.230285   0.834545   0.360966
      0.41   0.224167   0.865404   0.356094
      0.42   0.212058   0.881004   0.341836
      0.43   0.206324   0.888889   0.334911
      0.44   0.198323   0.897883   0.324885
      0.45   0.189508   0.906824   0.313501
      0.46   0.182192   0.912378   0.303731
      0.47   0.179924   0.924177   0.301207
      0.48   0.175303   0.937973   0.295397
      0.49   0.172179   0.943485   0.291214
       0.5   0.165504   0.957699   0.282234
      0.51   0.162723   0.967742     0.2786
      0.52   0.158958   0.973783   0.273302
      0.53   0.152582   0.978346   0.263992
      0.54   0.149844   0.979508   0.259925
      0.55   0.142613   0.980349   0.249003
      0.56   0.139917   0.981982   0.244935
      0.57   0.135424   0.981132   0.237998
      0.58   0.134911   0.983173   0.237264
      0.59   0.125883   0.989583   0.223353
       0.6   0.121604   0.989071    0.21658
      0.61   0.113474   0.988304   0.203574
      0.62   0.108297   0.987654   0.195191
      0.63   0.103504   0.986971    0.18736
      0.64  0.0959309    0.98951   0.174905
      0.65  0.0884857   0.988806   0.162436
      0.66  0.0813401   0.987654   0.150302
      0.67   0.074708   0.986784     0.1389
      0.68   0.067434   0.995074   0.126308
      0.69  0.0656797   0.994898   0.123225
       0.7  0.0574216   0.994286   0.108573
      0.71  0.0517308   0.993631  0.0983417
      0.72  0.0491207   0.993289  0.0936121
      0.73  0.0421035   0.992366  0.0807797
      0.74  0.0400924    0.99187  0.0770696
      0.75  0.0375679   0.990991  0.0723915
      0.76  0.0355141   0.990196  0.0685689
      0.77  0.0315776   0.988764  0.0612007
      0.78  0.0297805   0.987654  0.0578176
      0.79  0.0269137          1  0.0524167
       0.8  0.0264858          1  0.0516048
      0.81  0.0255445          1  0.0498164
      0.82  0.0227633          1  0.0445132
      0.83  0.0221214          1  0.0432853
      0.84  0.0177998          1  0.0349771
      0.85  0.0138633          1  0.0273475
      0.86  0.0121946          1  0.0240954
      0.87 0.00894271          1  0.0177269
      0.88 0.00671773          1  0.0133458
      0.89 0.00492063          1 0.00979307
       0.9 0.00440717          1 0.00877567
      0.91 0.00303795          1  0.0060575
      0.92 0.00303795          1  0.0060575
      0.93 0.00295238          1 0.00588737
      0.94 0.00265286          1 0.00529168
      0.95  0.0025245          1 0.00503628
      0.96  0.0025245          1 0.00503628
      0.97 0.00209662          1 0.00418446
      0.98 0.00209662          1 0.00418446
      0.99 0.00192546          1 0.00384353
