         0          1   0.223995   0.366006
      0.01   0.922745   0.297229   0.449627
      0.02   0.920294   0.303308   0.456247
      0.03   0.919069   0.306937   0.460187
      0.04   0.910621   0.310506   0.463102
      0.05   0.902238   0.312616   0.464342
      0.06   0.892436   0.317433   0.468296
      0.07   0.881924   0.321865   0.471611
      0.08   0.872187   0.328736   0.477498
      0.09   0.861804   0.332259    0.47961
       0.1   0.841555   0.339879   0.484203
      0.11   0.828465   0.347536   0.489661
      0.12   0.818469   0.353273   0.493526
      0.13   0.796286   0.360959   0.496742
      0.14   0.776037   0.366719   0.498073
      0.15    0.74921   0.372462   0.497565
      0.16    0.72593   0.376211   0.495586
      0.17   0.690785   0.384514   0.494033
      0.18   0.669569   0.390005   0.492906
      0.19   0.630489   0.402922   0.491649
       0.2   0.617463   0.411381   0.493782
      0.21    0.59644   0.425236   0.496493
      0.22   0.571871   0.438588   0.496439
      0.23   0.556974   0.445886   0.495278
      0.24   0.529954   0.458487   0.491637
      0.25   0.519507    0.46918   0.493063
      0.26   0.499452   0.487296   0.493299
      0.27   0.488812   0.502256   0.495443
      0.28     0.4783      0.525   0.500563
      0.29   0.468111   0.538215   0.500721
       0.3   0.451796   0.558333   0.499446
      0.31   0.434965   0.577492   0.496196
      0.32   0.424002   0.594911   0.495123
      0.33   0.411814   0.618121   0.494305
      0.34   0.406977   0.629738   0.494425
      0.35   0.396079   0.654282   0.493445
      0.36   0.386213   0.669792   0.489926
      0.37   0.369768   0.686676    0.48069
      0.38   0.360869   0.705837   0.477573
      0.39   0.353518   0.728956    0.47613
       0.4   0.340878   0.740642   0.466878
      0.41   0.327787   0.767464   0.459374
      0.42   0.320952   0.790486    0.45654
      0.43   0.315212   0.806554   0.453278
      0.44   0.310311    0.82392   0.450828
      0.45   0.306571   0.837342   0.448819
      0.46   0.297801   0.849697    0.44103
      0.47   0.293738   0.851945   0.436855
      0.48   0.277101   0.856183   0.418693
      0.49   0.266396    0.85654   0.406397
       0.5   0.257626   0.855655   0.396016
      0.51   0.246469   0.856683   0.382805
      0.52   0.237312   0.857877    0.37178
      0.53   0.225318   0.857934   0.356903
      0.54    0.22248   0.864603   0.353896
      0.55   0.214484   0.881466   0.345016
      0.56   0.206358   0.880184   0.334333
      0.57   0.190237    0.88191   0.312964
      0.58   0.177662   0.884514   0.295891
      0.59   0.173728   0.888587   0.290634
       0.6   0.167086    0.89049   0.281376
      0.61   0.154962   0.902208   0.264495
      0.62   0.142387   0.914676   0.246415
      0.63    0.14013   0.921429   0.243265
      0.64   0.134649   0.930769   0.235264
      0.65   0.129619   0.927711   0.227458
      0.66   0.124847    0.92766   0.220075
      0.67   0.118076   0.940639   0.209814
      0.68   0.115045   0.942029   0.205048
      0.69   0.111949   0.940299   0.200078
       0.7  0.0981492   0.933702   0.177627
      0.71  0.0938931   0.928994   0.170549
      0.72  0.0894435    0.93038   0.163198
      0.73  0.0779648    0.92029   0.143751
      0.74  0.0700974   0.913386   0.130202
      0.75  0.0583607   0.897196   0.109593
      0.76  0.0514606   0.895833  0.0973302
      0.77   0.044883   0.885057  0.0854334
      0.78  0.0418521   0.873418  0.0798766
      0.79  0.0301154   0.869565  0.0582147
       0.8   0.029922   0.876923  0.0578693
      0.81  0.0294061   0.885246  0.0569213
      0.82  0.0252144        0.9  0.0490545
      0.83  0.0242471   0.953488  0.0472916
      0.84  0.0203779   0.948718  0.0398988
      0.85  0.0195396   0.945946  0.0382882
      0.86  0.0167021          1  0.0328555
      0.87  0.0140582          1  0.0277266
      0.88  0.0125105          1  0.0247118
      0.89  0.0125105          1  0.0247118
       0.9 0.00870575          1  0.0172612
      0.91 0.00773844          1   0.015358
      0.92 0.00773844          1   0.015358
      0.93 0.00709357          1  0.0140872
      0.94 0.00664216          1  0.0131967
      0.95 0.00638421          1  0.0126874
      0.96 0.00561037          1  0.0111581
      0.97 0.00502999          1  0.0100096
      0.98 0.00451409          1 0.00898761
      0.99 0.00380473          1 0.00758062
