         0          1   0.193017   0.323578
      0.01   0.909714   0.309658   0.462042
      0.02   0.908076   0.325401   0.479116
      0.03   0.904799   0.336137   0.490173
      0.04   0.883988   0.348325   0.499735
      0.05    0.87252   0.356407   0.506087
      0.06   0.853043   0.370397   0.516518
      0.07   0.832413   0.378411   0.520297
      0.08   0.814999   0.391028   0.528491
      0.09   0.793216   0.402591   0.534102
       0.1   0.766701   0.421587   0.544028
      0.11   0.737819   0.439283   0.550694
      0.12   0.720405   0.452135    0.55558
      0.13   0.688065   0.471264   0.559393
      0.14   0.675262   0.484999   0.564531
      0.15   0.649536   0.500671    0.56547
      0.16   0.626236   0.511925    0.56334
      0.17   0.606881   0.534059   0.568146
      0.18   0.586797    0.54405   0.564616
      0.19   0.557854   0.555436   0.556642
       0.2   0.540744   0.566474    0.55331
      0.21   0.513561   0.581967   0.545628
      0.22   0.484012   0.600871   0.536148
      0.23   0.465384   0.609391    0.52774
      0.24   0.444937   0.620941   0.518407
      0.25   0.432619    0.62822   0.512387
      0.26   0.404405    0.64254    0.49639
      0.27   0.396639   0.657507   0.494794
      0.28   0.385292   0.707078    0.49879
      0.29   0.369213   0.728827   0.490132
       0.3     0.3555   0.775956   0.487606
      0.31   0.347794   0.855072   0.494468
      0.32   0.338936   0.875274    0.48865
      0.33   0.325223   0.893816   0.476916
      0.34   0.319398   0.901699   0.471709
      0.35   0.302105   0.909567   0.453563
      0.36   0.287725   0.912088   0.437453
      0.37   0.271221   0.914119   0.418325
      0.38   0.260239   0.918429   0.405561
      0.39   0.251987   0.919048   0.395527
       0.4   0.244524   0.923967   0.386707
      0.41   0.230872   0.929856   0.369902
      0.42   0.214671   0.934524   0.349141
      0.43   0.205085   0.937888   0.336572
      0.44   0.191008   0.948837      0.318
      0.45   0.183181   0.963235   0.307822
      0.46   0.174079   0.989071   0.296052
      0.47   0.163643          1    0.28126
      0.48   0.146168          1   0.255056
      0.49   0.138159          1   0.242776
       0.5   0.128512          1   0.227754
      0.51   0.115406          1    0.20693
      0.52   0.109035          1    0.19663
      0.53  0.0995692          1   0.181106
      0.54  0.0935016          1   0.171013
      0.55  0.0855531          1   0.157621
      0.56  0.0813057          1   0.150384
      0.57  0.0789394          1   0.146328
      0.58  0.0706268          1   0.131935
      0.59  0.0688065          1   0.128754
       0.6  0.0669256          1   0.125455
      0.61  0.0587343          1   0.110952
      0.62  0.0553971          1   0.104979
      0.63  0.0498149          1  0.0949023
      0.64  0.0447788          1  0.0857193
      0.65  0.0424125          1  0.0813737
      0.66  0.0399854          1  0.0768961
      0.67  0.0364056          1  0.0702535
      0.68  0.0261513          1  0.0509697
      0.69  0.0202658          1  0.0397264
       0.7  0.0185062          1  0.0363398
      0.71  0.0131667          1  0.0259911
      0.72  0.0121352          1  0.0239794
      0.73  0.0121352          1  0.0239794
      0.74  0.0121352          1  0.0239794
      0.75  0.0101936          1  0.0201814
      0.76  0.0101936          1  0.0201814
      0.77  0.0101936          1  0.0201814
      0.78  0.0101936          1  0.0201814
      0.79  0.0101936          1  0.0201814
       0.8  0.0101936          1  0.0201814
      0.81  0.0101936          1  0.0201814
      0.82 0.00964747          1  0.0191106
      0.83 0.00964747          1  0.0191106
      0.84 0.00928342          1  0.0183961
      0.85 0.00928342          1  0.0183961
      0.86 0.00928342          1  0.0183961
      0.87 0.00910139          1  0.0180386
      0.88 0.00910139          1  0.0180386
      0.89 0.00910139          1  0.0180386
       0.9 0.00837328          1  0.0166075
      0.91  0.0080699          1  0.0160106
      0.92  0.0080699          1  0.0160106
      0.93 0.00740246          1  0.0146961
      0.94 0.00740246          1  0.0146961
      0.95 0.00697773          1  0.0138588
      0.96 0.00697773          1  0.0138588
      0.97  0.0063103          1  0.0125415
      0.98 0.00576421          1  0.0114624
      0.99 0.00485407          1 0.00966125
