         0          1   0.282356    0.44037
      0.01     0.8567   0.355209   0.502195
      0.02   0.848536   0.363506   0.508973
      0.03    0.84009   0.369832   0.513574
      0.04   0.828041   0.379743   0.520694
      0.05   0.821565   0.387652   0.526756
      0.06   0.799887    0.39697   0.530608
      0.07   0.786374   0.401872   0.531913
      0.08   0.762331    0.41284   0.535617
      0.09    0.74741   0.418853   0.536852
       0.1   0.715428   0.426039    0.53405
      0.11   0.683108    0.43282   0.529896
      0.12   0.658896   0.437798    0.52606
      0.13   0.631813   0.449384   0.525208
      0.14   0.613851   0.453676   0.521747
      0.15   0.582714   0.465463   0.517531
      0.16     0.5692   0.472126   0.516138
      0.17   0.545214   0.484488    0.51306
      0.18   0.528097    0.48888   0.507733
      0.19   0.496509   0.497226   0.496867
       0.2   0.487669   0.506381   0.496849
      0.21   0.461205   0.517984   0.487948
      0.22   0.436149   0.529899   0.478475
      0.23   0.418243   0.537661   0.470493
      0.24   0.388063   0.542439   0.452445
      0.25   0.371903   0.554742   0.445284
      0.26   0.352196   0.573124   0.436286
      0.27   0.337331   0.582007   0.427109
      0.28   0.321396   0.596177   0.417643
      0.29   0.308502   0.600775   0.407665
       0.3   0.290597   0.606145   0.392853
      0.31   0.276014   0.612443   0.380531
      0.32   0.263682   0.617899   0.369629
      0.33    0.24161   0.617971   0.347397
      0.34   0.234854   0.619339   0.340565
      0.35   0.219144    0.62069   0.323922
      0.36    0.21205   0.627547   0.316988
      0.37   0.197973   0.637405   0.302112
      0.38   0.193018   0.641434   0.296742
      0.39   0.181926   0.643658   0.283673
       0.4   0.179223   0.649955    0.28097
      0.41   0.167061   0.651026   0.265891
      0.42   0.160079   0.660358    0.25769
      0.43   0.151126   0.664804   0.246269
      0.44    0.14161   0.674224    0.23406
      0.45   0.135923   0.673342   0.226188
      0.46   0.127646   0.685792   0.215232
      0.47   0.124268   0.694405    0.21081
      0.48   0.118863   0.709231   0.203603
      0.49   0.112556   0.714976   0.194494
       0.5   0.107264   0.731922   0.187106
      0.51   0.101239   0.744762   0.178248
      0.52  0.0996059   0.750996   0.175884
      0.53  0.0902027   0.767742   0.161438
      0.54  0.0858108   0.778291   0.154579
      0.55  0.0817005     0.7875   0.148042
      0.56  0.0789414      0.808   0.143831
      0.57  0.0695946   0.816092   0.128252
      0.58  0.0649212   0.826347   0.120384
      0.59  0.0618806   0.836538   0.115237
       0.6  0.0594032   0.841751   0.110975
      0.61  0.0561937   0.864662   0.105529
      0.62  0.0513514   0.863281  0.0969365
      0.63  0.0494369   0.865854  0.0935335
      0.64  0.0489865   0.877637  0.0927936
      0.65  0.0476351   0.881057  0.0903836
      0.66  0.0460586    0.88785  0.0875741
      0.67   0.045777   0.894737  0.0870979
      0.68  0.0435248   0.902564  0.0830448
      0.69  0.0405405   0.900524  0.0775882
       0.7  0.0386261   0.893258  0.0740502
      0.71  0.0386261   0.897727  0.0740655
      0.72  0.0365991    0.89697  0.0703286
      0.73   0.036205   0.898089  0.0696039
      0.74  0.0322635   0.899329  0.0622923
      0.75  0.0320383   0.896552  0.0618658
      0.76  0.0309685        0.9  0.0598766
      0.77  0.0300676   0.914729  0.0582214
      0.78  0.0298423   0.918033  0.0578056
      0.79  0.0275901   0.920354  0.0535742
       0.8   0.026295   0.912621  0.0511173
      0.81  0.0234797   0.912088  0.0457809
      0.82  0.0221284        0.9  0.0431947
      0.83  0.0182432   0.902778  0.0357638
      0.84  0.0166104   0.892308  0.0326136
      0.85  0.0166104   0.904762  0.0326218
      0.86  0.0121059   0.909091  0.0238935
      0.87  0.0112613    0.90566  0.0222459
      0.88  0.0108671   0.938776  0.0214855
      0.89  0.0105856    0.93617  0.0209345
       0.9  0.0104167   0.931818   0.020603
      0.91 0.00878378          1  0.0174146
      0.92 0.00878378          1  0.0174146
      0.93 0.00827703          1  0.0164182
      0.94 0.00748874          1  0.0148661
      0.95 0.00726351          1  0.0144223
      0.96 0.00709459          1  0.0140892
      0.97 0.00647523          1  0.0128671
      0.98 0.00501126          1 0.00997255
      0.99 0.00394144          1 0.00785193
