         0          1   0.230724    0.37494
      0.01   0.723134   0.217056   0.333891
      0.02   0.718565    0.22186    0.33904
      0.03   0.714926   0.224449   0.341641
      0.04   0.703842   0.227394   0.343735
      0.05   0.692164   0.227781   0.342763
      0.06   0.677272   0.230707   0.344174
      0.07   0.660518   0.232995   0.344478
      0.08   0.639364   0.234939   0.343614
      0.09   0.626587   0.238011    0.34498
       0.1   0.612794   0.243792   0.348813
      0.11   0.582755   0.249474   0.349381
      0.12   0.561009   0.252004   0.347784
      0.13   0.529954   0.255144   0.344453
      0.14   0.516839   0.259202   0.345254
      0.15     0.4934   0.262092   0.342337
      0.16   0.478677   0.264605   0.340814
      0.17   0.453969   0.266051   0.335487
      0.18   0.434084   0.268193   0.331545
      0.19   0.411406   0.271737   0.327294
       0.2   0.402268   0.274708    0.32647
      0.21   0.385175   0.280093   0.324335
      0.22   0.363006   0.284924    0.31926
      0.23   0.349975   0.287868   0.315897
      0.24   0.335759   0.291424   0.312025
      0.25   0.320105   0.295155   0.307124
      0.26   0.307582   0.302655   0.305099
      0.27   0.296581    0.30389   0.300191
      0.28   0.285666   0.310273   0.297462
      0.29   0.276866   0.308449   0.291805
       0.3   0.261635   0.313788   0.285348
      0.31   0.247673   0.321582    0.27983
      0.32   0.236504   0.326354   0.274257
      0.33   0.231511   0.332022   0.272803
      0.34   0.222119   0.330031    0.26553
      0.35   0.210696   0.337493    0.25943
      0.36   0.197749   0.338963   0.249779
      0.37   0.179895   0.344603   0.236388
      0.38   0.171856   0.351611   0.230871
      0.39   0.168218   0.360968    0.22949
       0.4   0.163649   0.366003   0.226171
      0.41   0.156625   0.371429   0.220338
      0.42   0.151548   0.379794   0.216648
      0.43   0.142325   0.379555   0.207022
      0.44    0.12811   0.384615     0.1922
      0.45   0.124302   0.388889   0.188389
      0.46   0.112202   0.398718   0.175123
      0.47   0.106363   0.405442   0.168518
      0.48   0.103909   0.412023   0.165964
      0.49   0.100694    0.41471   0.162043
       0.5  0.0886783   0.424138   0.146687
      0.51  0.0853782   0.432122   0.142585
      0.52  0.0826705   0.433538   0.138862
      0.53   0.077255   0.452055   0.131959
      0.54  0.0745473   0.460199    0.12831
      0.55   0.068878   0.465753   0.120008
      0.56  0.0629548    0.47006   0.111038
      0.57  0.0539008   0.469595   0.096702
      0.58  0.0500931   0.476703  0.0906594
      0.59  0.0487392   0.482759  0.0885395
       0.6  0.0487392   0.504032  0.0888835
      0.61  0.0438314   0.533632   0.081009
      0.62  0.0416314   0.529703  0.0771957
      0.63  0.0415468   0.534031  0.0770957
      0.64  0.0335082   0.551515  0.0631779
      0.65  0.0335082   0.573248  0.0633154
      0.66  0.0332544   0.608392  0.0630618
      0.67  0.0320697   0.612403  0.0609478
      0.68   0.030462    0.62931  0.0581111
      0.69  0.0302082   0.666667  0.0577974
       0.7  0.0291081   0.712766  0.0559321
      0.71  0.0279235    0.72619  0.0537791
      0.72  0.0267389   0.753247  0.0516445
      0.73  0.0256389   0.763889  0.0496125
      0.74  0.0254696   0.779412  0.0493273
      0.75  0.0247081   0.803279  0.0479415
      0.76  0.0247081   0.857143  0.0480316
      0.77  0.0236927   0.918367  0.0461936
      0.78  0.0234388   0.934783   0.045731
      0.79  0.0234388   0.976744  0.0457791
       0.8  0.0221696   0.974359  0.0433527
      0.81  0.0210696          1  0.0412696
      0.82  0.0207311          1  0.0406201
      0.83  0.0200542          1  0.0393198
      0.84  0.0198003          1  0.0388317
      0.85  0.0198003          1  0.0388317
      0.86  0.0190388          1  0.0373661
      0.87  0.0190388          1  0.0373661
      0.88  0.0180234          1  0.0354085
      0.89  0.0176849          1  0.0347551
       0.9   0.017431          1  0.0342648
      0.91  0.0166695          1  0.0327923
      0.92  0.0166695          1  0.0327923
      0.93  0.0159079          1  0.0313177
      0.94   0.015231          1   0.030005
      0.95   0.011931          1  0.0235806
      0.96  0.0115079          1  0.0227539
      0.97   0.011254          1  0.0222576
      0.98 0.00744627          1  0.0147825
      0.99 0.00346928          1 0.00691458
