         0          1   0.150167   0.261123
      0.01   0.795047   0.176056   0.288276
      0.02   0.778916   0.170342    0.27955
      0.03   0.764873   0.169712   0.277787
      0.04   0.748173   0.168738    0.27537
      0.05    0.73432   0.168341   0.273893
      0.06   0.720657   0.168554   0.273207
      0.07    0.70927   0.169267   0.273309
      0.08   0.685359   0.168159   0.270057
      0.09   0.663535   0.167925   0.268021
       0.1   0.635734   0.168211   0.266032
      0.11   0.604517    0.16777   0.262648
      0.12   0.574153    0.16742   0.259246
      0.13   0.544264   0.168459   0.257285
      0.14   0.519309   0.167555   0.253362
      0.15    0.48572   0.170565   0.252472
      0.16   0.469779   0.172795   0.252657
      0.17   0.446911   0.176248     0.2528
      0.18   0.430591   0.179027   0.252904
      0.19   0.414176   0.181096   0.252004
       0.2   0.394914   0.183015   0.250118
      0.21   0.368061   0.184411   0.245712
      0.22   0.339501   0.185935   0.240277
      0.23   0.326217   0.186749   0.237523
      0.24   0.308758   0.191831   0.236638
      0.25    0.30259   0.194073   0.236476
      0.26   0.288547   0.195944   0.233396
      0.27    0.26957   0.193584   0.225344
      0.28   0.257709   0.200563   0.225573
      0.29   0.248411   0.203562   0.223761
       0.3   0.231141   0.206547   0.218153
      0.31   0.222602   0.212544   0.217456
      0.32    0.21577    0.21527    0.21552
      0.33   0.203814   0.222934   0.212946
      0.34   0.200019   0.228448    0.21329
      0.35   0.196034   0.237809    0.21491
      0.36     0.1911   0.241573   0.213392
      0.37   0.183509       0.25   0.211655
      0.38   0.178859   0.249406   0.208322
      0.39   0.171364    0.25475   0.204898
       0.4   0.166335   0.258356   0.202376
      0.41   0.161495   0.260659    0.19943
      0.42   0.158174     0.2678   0.198881
      0.43   0.148591   0.266667   0.190842
      0.44   0.137964    0.27375   0.183465
      0.45   0.130468   0.277556     0.1775
      0.46   0.127147   0.284075   0.175668
      0.47   0.123541   0.288288   0.172962
      0.48   0.119461   0.283142   0.168029
      0.49   0.114337   0.280069   0.162382
       0.5   0.105323   0.274725    0.15227
      0.51  0.0958345    0.26499   0.140762
      0.52  0.0947908   0.270541   0.140392
      0.53  0.0895721   0.260215    0.13327
      0.54  0.0840687   0.257271   0.126727
      0.55  0.0710694   0.256595   0.111309
      0.56  0.0667046   0.250633   0.105367
      0.57  0.0618655   0.243767  0.0986856
      0.58  0.0609166   0.248571  0.0978527
      0.59  0.0581649   0.251553  0.0944831
       0.6  0.0567416   0.254125  0.0927695
      0.61  0.0536104   0.253571  0.0885083
      0.62  0.0500996   0.249027  0.0834173
      0.63  0.0419395   0.241525  0.0714688
      0.64  0.0399469   0.247706  0.0687988
      0.65  0.0380492      0.245  0.0658687
      0.66  0.0318816   0.260116  0.0568012
      0.67  0.0318816   0.279503  0.0572347
      0.68  0.0300788   0.288732  0.0544819
      0.69  0.0296043   0.310078  0.0540484
       0.7  0.0296043   0.351351  0.0546075
      0.71  0.0271373   0.343137  0.0502968
      0.72  0.0267578   0.357895  0.0497928
      0.73  0.0267578   0.386364  0.0500493
      0.74  0.0254294   0.410256  0.0478903
      0.75  0.0239112    0.46875  0.0455013
      0.76  0.0233419   0.474576  0.0444953
      0.77  0.0227726   0.481481  0.0434883
      0.78  0.0219186        0.5  0.0419962
      0.79  0.0198311   0.538462  0.0382534
       0.8  0.0147073   0.558824  0.0286603
      0.81  0.0147073   0.612903  0.0287253
      0.82  0.0144226   0.708333  0.0282696
      0.83  0.0135686   0.761905  0.0266625
      0.84  0.0129993   0.833333  0.0255993
      0.85  0.0129993   0.833333  0.0255993
      0.86  0.0125249   0.933333  0.0247181
      0.87  0.0125249          1  0.0247399
      0.88  0.0107221          1  0.0212167
      0.89  0.0107221          1  0.0212167
       0.9  0.0107221          1  0.0212167
      0.91 0.00996299          1  0.0197294
      0.92 0.00920391          1  0.0182399
      0.93 0.00920391          1  0.0182399
      0.94 0.00844482          1  0.0167482
      0.95 0.00778062          1  0.0154411
      0.96 0.00778062          1  0.0154411
      0.97 0.00702154          1  0.0139452
      0.98 0.00645223          1  0.0128217
      0.99 0.00550337          1  0.0109465
