         0          1   0.253826   0.404882
      0.01   0.894561   0.359969   0.513363
      0.02   0.890622   0.361781   0.514547
      0.03   0.883727   0.364478     0.5161
      0.04   0.867805   0.365843   0.514702
      0.05   0.849475   0.365996   0.511579
      0.06   0.819928   0.365401   0.505518
      0.07   0.791366   0.365243   0.499807
      0.08   0.755143    0.36481   0.491956
      0.09   0.733421   0.365848    0.48818
       0.1   0.700263   0.366023   0.480758
      0.11   0.666667   0.368762   0.474859
      0.12   0.647789   0.370313   0.471239
      0.13   0.600788   0.367278    0.45587
      0.14   0.578409   0.367185   0.449206
      0.15   0.542515    0.36815    0.43864
      0.16   0.508536   0.368133   0.427091
      0.17   0.473736   0.371782   0.416612
      0.18   0.445448    0.37296   0.405994
      0.19   0.409882   0.374391   0.391334
       0.2   0.387448   0.379678   0.383524
      0.21   0.355603   0.385975   0.370167
      0.22   0.326548   0.392946   0.356684
      0.23   0.315769   0.401453   0.353493
      0.24   0.298534   0.418162   0.348364
      0.25    0.29432    0.42846   0.348943
      0.26   0.278179   0.437796   0.340195
      0.27   0.269479   0.446917   0.336224
      0.28   0.246115   0.463059   0.321404
      0.29   0.239276   0.474792   0.318194
       0.3   0.227019   0.492474   0.310777
      0.31   0.218046   0.513141   0.306045
      0.32   0.211698   0.525035   0.301735
      0.33   0.196378   0.536043   0.287449
      0.34   0.192657   0.537836   0.283693
      0.35   0.184887   0.555752   0.277467
      0.36   0.179416   0.563619   0.272187
      0.37    0.16984   0.579979    0.26274
      0.38   0.163165   0.589659   0.255602
      0.39   0.156325   0.603593   0.248334
       0.4   0.152714   0.624196   0.245391
      0.41   0.147133   0.642959   0.239467
      0.42   0.137448   0.658499   0.227426
      0.43   0.134548   0.672638   0.224241
      0.44    0.13121   0.676522   0.219792
      0.45   0.127654   0.678832   0.214896
      0.46   0.123769   0.688235   0.209807
      0.47   0.121033   0.699588   0.206364
      0.48   0.117805   0.713647   0.202227
      0.49   0.112443   0.730496   0.194887
       0.5   0.107901   0.743655   0.188458
      0.51   0.102758       0.75   0.180751
      0.52    0.10128    0.75419   0.178579
      0.53  0.0983257    0.77439   0.174495
      0.54   0.096903   0.776025   0.172292
      0.55  0.0933465   0.789655   0.166957
      0.56  0.0903918   0.807273   0.162579
      0.57  0.0867258   0.840816   0.157234
      0.58  0.0815824   0.841202    0.14874
      0.59  0.0790107   0.868545   0.144845
       0.6  0.0784636   0.878641   0.144062
      0.61  0.0737032   0.884211   0.136065
      0.62   0.072007   0.887006   0.133201
      0.63  0.0714051   0.883721   0.132134
      0.64  0.0676844   0.903846   0.125938
      0.65  0.0646203   0.909722   0.120669
      0.66  0.0605165   0.929688   0.113636
      0.67  0.0578901   0.964912   0.109227
      0.68  0.0558109          1   0.105721
      0.69  0.0530204          1   0.100701
       0.7  0.0524185          1  0.0996153
      0.71   0.047494          1  0.0906812
      0.72  0.0440468          1  0.0843771
      0.73  0.0417487          1  0.0801513
      0.74  0.0402167          1  0.0773237
      0.75  0.0395601          1  0.0761093
      0.76  0.0395601          1  0.0761093
      0.77  0.0379186          1  0.0730666
      0.78  0.0373714          1  0.0720502
      0.79  0.0352375          1  0.0680761
       0.8   0.034362          1   0.066441
      0.81  0.0337601          1  0.0653152
      0.82  0.0319545          1    0.06193
      0.83  0.0319545          1    0.06193
      0.84  0.0307507          1  0.0596666
      0.85   0.030313          1  0.0588423
      0.86  0.0279054          1  0.0542958
      0.87  0.0239659          1  0.0468099
      0.88   0.023364          1  0.0456611
      0.89  0.0230357          1   0.045034
       0.9  0.0176735          1  0.0347331
      0.91  0.0125301          1  0.0247501
      0.92 0.00547166          1  0.0108838
      0.93 0.00547166          1  0.0108838
      0.94 0.00547166          1  0.0108838
      0.95 0.00508864          1  0.0101258
      0.96 0.00448676          1 0.00893344
      0.97 0.00448676          1 0.00893344
      0.98 0.00448676          1 0.00893344
      0.99 0.00344714          1  0.0068706
