         0          1   0.418411   0.589971
      0.01   0.935122   0.592279   0.725223
      0.02   0.932274   0.600448   0.730442
      0.03   0.925122   0.605834   0.732183
      0.04   0.906418    0.61645   0.733828
      0.05   0.894898   0.619552   0.732194
      0.06   0.866416   0.623761   0.725332
      0.07   0.842775   0.628594   0.720095
      0.08   0.807646   0.639066   0.713534
      0.09   0.782106   0.651124    0.71063
       0.1   0.728147    0.67765   0.701992
      0.11    0.69612   0.701804    0.69895
      0.12   0.676087   0.718204   0.696509
      0.13   0.650294   0.742252   0.693237
      0.14   0.634565   0.755367   0.689717
      0.15   0.608456   0.771224   0.680239
      0.16   0.594784   0.779107   0.674581
      0.17   0.577473   0.788255   0.666598
      0.18   0.560384   0.792431   0.656506
      0.19   0.540509     0.8018   0.645723
       0.2   0.530603   0.806545   0.640101
      0.21   0.516837   0.813665    0.63214
      0.22     0.4975   0.819826   0.619229
      0.23   0.488512   0.821933   0.612806
      0.24   0.472087   0.826313    0.60088
      0.25   0.465283   0.830587   0.596445
      0.26   0.451231   0.835757    0.58605
      0.27   0.443857   0.840235   0.580869
      0.28   0.430945   0.858912    0.57393
      0.29   0.422875   0.866575   0.568386
       0.3   0.408823      0.875   0.557274
      0.31   0.401956   0.885265   0.552877
      0.32    0.39493   0.889192    0.54694
      0.33   0.379771   0.893958   0.533079
      0.34   0.374834   0.895913   0.528537
      0.35    0.36515   0.902704   0.519969
      0.36    0.35882   0.908108    0.51439
      0.37   0.348092   0.923925    0.50567
      0.38   0.343028   0.930207   0.501223
      0.39   0.332173   0.944234   0.491456
       0.4   0.321951   0.955808   0.481661
      0.41   0.311507    0.96637   0.471142
      0.42   0.303057   0.967863   0.461583
      0.43   0.297361   0.969851   0.455165
      0.44   0.286727   0.971454   0.442769
      0.45   0.276378   0.973094   0.430489
      0.46   0.271315   0.977011   0.424693
      0.47   0.264637   0.976526   0.416424
      0.48   0.255333   0.980658   0.405171
      0.49    0.25068   0.985629   0.399702
       0.5   0.242705   0.988253   0.389703
      0.51   0.233338   0.989947   0.377658
      0.52   0.229033   0.990333   0.372028
      0.53   0.221976   0.990608   0.362682
      0.54   0.217356   0.993258   0.356662
      0.55   0.212102   0.993696   0.349586
      0.56   0.205899   0.993616   0.341112
      0.57   0.201753   0.997629   0.335631
      0.58   0.196215   0.998789   0.327994
      0.59   0.190677   0.998764   0.320219
       0.6   0.188018   0.999375   0.316493
      0.61   0.181024          1   0.306554
      0.62   0.174252          1   0.296787
      0.63   0.169599          1   0.290013
      0.64    0.16615          1   0.284954
      0.65   0.163175          1   0.280568
      0.66   0.155928          1   0.269788
      0.67   0.151655          1   0.263369
      0.68   0.143174          1   0.250484
      0.69   0.136686          1   0.240499
       0.7   0.125356          1   0.222785
      0.71   0.117666          1   0.210556
      0.72   0.113457          1   0.203792
      0.73   0.105481          1   0.190833
      0.74    0.10181          1   0.184805
      0.75  0.0943098          1   0.172364
      0.76  0.0895943          1   0.164454
      0.77   0.078486          1   0.145548
      0.78  0.0719349          1   0.134215
      0.79  0.0682955          1   0.127859
       0.8  0.0654472          1   0.122854
      0.81  0.0601937          1   0.113552
      0.82  0.0574403          1    0.10864
      0.83  0.0538642          1   0.102222
      0.84  0.0478511          1  0.0913319
      0.85  0.0426609          1  0.0818309
      0.86  0.0416166          1  0.0799076
      0.87  0.0404456          1  0.0777467
      0.88  0.0357618          1   0.069054
      0.89   0.035382          1  0.0683458
       0.9  0.0321223          1  0.0622451
      0.91  0.0278499          1  0.0541905
      0.92  0.0194949          1  0.0382442
      0.93  0.0152858          1  0.0301113
      0.94  0.0120894          1  0.0238899
      0.95   0.010507          1  0.0207955
      0.96  0.0084499          1  0.0167582
      0.97  0.0045256          1 0.00901043
      0.98 0.00180391          1 0.00360133
      0.99 0.00117096          1 0.00233918
