         0          1   0.223412   0.365227
      0.01   0.949835   0.311097   0.468686
      0.02    0.94695   0.313672   0.471247
      0.03   0.942166   0.313908   0.470917
      0.04    0.93126   0.312414   0.467869
      0.05   0.919792   0.313097    0.46717
      0.06    0.89186   0.315518   0.466131
      0.07   0.873144   0.316366   0.464449
      0.08   0.846408   0.316455   0.460673
      0.09   0.832126   0.317678   0.459815
       0.1   0.805601   0.314855   0.452758
      0.11   0.772814   0.312397   0.444936
      0.12   0.750229   0.311905   0.440622
      0.13   0.713994   0.310053   0.432355
      0.14   0.693731   0.308941   0.427502
      0.15    0.65229   0.307879   0.418315
      0.16   0.627102   0.306523   0.411774
      0.17   0.584817   0.305534   0.401373
      0.18   0.564061   0.306409   0.397104
      0.19   0.534651   0.302893   0.386707
       0.2   0.511292   0.299672   0.377871
      0.21   0.477661   0.295661   0.365245
      0.22   0.417998   0.290913   0.343064
      0.23   0.399353   0.293147   0.338105
      0.24   0.366003   0.294494   0.326377
      0.25   0.344122   0.291359    0.31555
      0.26    0.31443   0.286039   0.299564
      0.27   0.290016   0.285319   0.287648
      0.28   0.266798   0.283226   0.274767
      0.29   0.249701   0.281979    0.26486
       0.3   0.233941   0.278021   0.254083
      0.31   0.214874   0.281966    0.24389
      0.32   0.208401   0.285134   0.240802
      0.33   0.193485   0.286582   0.231006
      0.34    0.18476   0.286628   0.224687
      0.35      0.169    0.28345    0.21175
      0.36   0.160979   0.279273   0.204234
      0.37   0.148456   0.271731    0.19201
      0.38   0.142194   0.264526   0.184962
      0.39   0.130092   0.259414   0.173285
       0.4   0.117357   0.252033   0.160144
      0.41    0.10617   0.245771   0.148284
      0.42  0.0966017   0.239083   0.137604
      0.43  0.0822486   0.231395    0.12136
      0.44  0.0754239   0.228792   0.113448
      0.45  0.0720467   0.217808   0.108277
      0.46  0.0688806   0.208272   0.103523
      0.47  0.0638148   0.206625  0.0975132
      0.48  0.0497432   0.183074  0.0782304
      0.49  0.0409484   0.168207  0.0658631
       0.5  0.0348273   0.162651  0.0573702
      0.51  0.0297615   0.151515  0.0497507
      0.52  0.0296208   0.151927  0.0495759
      0.53  0.0289172   0.156479  0.0488137
      0.54  0.0278618    0.15641  0.0472983
      0.55  0.0267361   0.153631  0.0455459
      0.56   0.026525    0.15562  0.0453246
      0.57    0.02554   0.148936  0.0436029
      0.58  0.0241328   0.144231  0.0413474
      0.59  0.0214592   0.126712  0.0367027
       0.6  0.0205446   0.115942  0.0349042
      0.61  0.0167452   0.108434  0.0290104
      0.62  0.0142827   0.105023  0.0251457
      0.63  0.0142827   0.110048  0.0252839
      0.64  0.0136495   0.101064  0.0240507
      0.65  0.0136495  0.0988372  0.0239864
      0.66  0.0121016  0.0890411  0.0213073
      0.67  0.0110462  0.0671642  0.0189722
      0.68  0.0095687   0.057377  0.0164021
      0.69 0.00598044  0.0442478  0.0105368
       0.7  0.0052065  0.0380952 0.00916097
      0.71 0.00492507  0.0309278 0.00849704
      0.72 0.00478435  0.0235294 0.00795182
      0.73          0          0          0
      0.74          0          0          0
      0.75          0          0          0
      0.76          0          0          0
      0.77          0          0          0
      0.78          0          0          0
      0.79          0          0          0
       0.8          0          0          0
      0.81          0          0          0
      0.82          0          0          0
      0.83          0          0          0
      0.84          0          0          0
      0.85          0          0          0
      0.86          0          0          0
      0.87          0          0          0
      0.88          0          0          0
      0.89          0          0          0
       0.9          0          0          0
      0.91          0          0          0
      0.92          0          0          0
      0.93          0          0          0
      0.94          0          0          0
      0.95          0          0          0
      0.96          0          0          0
      0.97          0          0          0
      0.98          0          0          0
      0.99          0          0          0
