         0          1   0.176689   0.300316
      0.01    0.89266    0.18756   0.309988
      0.02   0.889044   0.194691    0.31943
      0.03   0.880332   0.200116   0.326103
      0.04   0.866771   0.207056   0.334262
      0.05   0.862004   0.212878   0.341436
      0.06    0.84836   0.220159   0.349594
      0.07   0.838744   0.224923   0.354722
      0.08   0.808909   0.235311   0.364569
      0.09   0.794937    0.24104   0.369915
       0.1   0.779403   0.251982   0.380838
      0.11   0.741185   0.259004   0.383867
      0.12    0.72146   0.266615   0.389347
      0.13   0.698118    0.27936   0.399039
      0.14    0.68357   0.288596   0.405847
      0.15   0.656941   0.300517   0.412388
      0.16   0.631791   0.311396   0.417176
      0.17    0.60623   0.325609   0.423665
      0.18   0.583135   0.336259   0.426551
      0.19   0.556505   0.350107   0.429812
       0.2   0.532259   0.361582   0.430625
      0.21   0.508096   0.377188   0.432963
      0.22   0.484014   0.391048   0.432592
      0.23   0.467083   0.399405   0.430601
      0.24   0.436755   0.415156   0.425682
      0.25   0.423194   0.424416   0.423804
      0.26   0.408071   0.439501   0.423203
      0.27   0.400263   0.448474   0.422999
      0.28   0.385058   0.463239   0.420546
      0.29   0.375113   0.473091   0.418443
       0.3   0.345936   0.484392    0.40362
      0.31     0.3341   0.501816   0.401133
      0.32   0.327197   0.511806   0.399191
      0.33   0.316019    0.52888   0.395635
      0.34    0.30706   0.539927   0.391482
      0.35   0.297773   0.559148   0.388598
      0.36   0.289636   0.570837   0.384288
      0.37   0.277061   0.595707   0.378215
      0.38   0.272294   0.611007   0.376709
      0.39   0.264568   0.628658   0.372409
       0.4   0.258322   0.637131   0.367601
      0.41   0.252157   0.651877   0.363649
      0.42     0.2395   0.665409   0.352225
      0.43   0.232021   0.672391   0.344995
      0.44    0.22224   0.689459   0.336132
      0.45   0.215583   0.702417   0.329911
      0.46   0.198734    0.72213    0.31169
      0.47   0.191666   0.736185   0.304147
      0.48   0.181639   0.738703   0.291581
      0.49   0.163804   0.739606   0.268207
       0.5   0.147777   0.724936   0.245507
      0.51   0.115065   0.718654   0.198369
      0.52   0.105449   0.726667   0.184172
      0.53  0.0994493   0.744526   0.175462
      0.54  0.0960796   0.780488   0.171097
      0.55  0.0909016   0.821918   0.163699
      0.56  0.0800526   0.831683   0.146048
      0.57  0.0768472   0.826087   0.140614
      0.58  0.0726555   0.822857   0.133522
      0.59   0.070683   0.829114   0.130261
       0.6  0.0680529   0.827815   0.125767
      0.61  0.0562998   0.835821   0.105494
      0.62  0.0492315   0.852459  0.0930871
      0.63  0.0492315   0.859504  0.0931287
      0.64  0.0486562   0.872881  0.0921744
      0.65  0.0480809   0.894737  0.0912578
      0.66   0.046848        0.9  0.0890602
      0.67  0.0461905   0.915094   0.087942
      0.68  0.0454508   0.940594  0.0867116
      0.69  0.0453686   0.969072  0.0866792
       0.7  0.0434783   0.978495  0.0832571
      0.71  0.0429851   0.978261  0.0823517
      0.72  0.0418345   0.988764  0.0802726
      0.73   0.040766          1  0.0783385
      0.74   0.040766          1  0.0783385
      0.75  0.0397797          1  0.0765157
      0.76  0.0392044          1  0.0754508
      0.77  0.0373962          1  0.0720963
      0.78    0.03641          1  0.0702617
      0.79  0.0343552          1  0.0664283
       0.8  0.0336977          1  0.0651984
      0.81  0.0327114          1  0.0633506
      0.82  0.0322183          1  0.0624254
      0.83  0.0322183          1  0.0624254
      0.84  0.0309855          1  0.0601084
      0.85  0.0305745          1  0.0593349
      0.86  0.0283554          1  0.0551471
      0.87  0.0279444          1  0.0543696
      0.88  0.0262185          1  0.0510972
      0.89  0.0248212          1  0.0484401
       0.9  0.0231774          1  0.0453048
      0.91  0.0172598          1  0.0339339
      0.92  0.0140544          1  0.0277192
      0.93  0.0111778          1  0.0221084
      0.94 0.00789019          1  0.0156569
      0.95 0.00789019          1  0.0156569
      0.96 0.00698611          1  0.0138753
      0.97 0.00452042          1 0.00900016
      0.98 0.00452042          1 0.00900016
      0.99 0.00369853          1  0.0073698
