         0          1   0.263807   0.417479
      0.01   0.929632   0.495477   0.646423
      0.02   0.918829   0.512132   0.657687
      0.03   0.894882   0.520128    0.65788
      0.04   0.869613   0.536728   0.663773
      0.05   0.849745   0.547747   0.666115
      0.06   0.821341   0.560204   0.666092
      0.07   0.796941   0.573214   0.666811
      0.08   0.766648   0.586684     0.6647
      0.09   0.745534   0.593488   0.660878
       0.1   0.710633   0.600227    0.65078
      0.11   0.674788   0.603181   0.636978
      0.12   0.644079   0.609564   0.626347
      0.13    0.62051    0.63188   0.626144
      0.14   0.595052   0.653139   0.622744
      0.15   0.559736    0.67327   0.611276
      0.16   0.535033   0.679805   0.598793
      0.17   0.503607   0.689989   0.582246
      0.18   0.487101   0.702848   0.575416
      0.19   0.444608   0.719966   0.549733
       0.2   0.418017   0.725688   0.530469
      0.21    0.39339   0.743511   0.514539
      0.22   0.358414   0.755747   0.486232
      0.23   0.334731    0.77038   0.466686
      0.24   0.307422   0.783183   0.441531
      0.25   0.290652   0.801829   0.426649
      0.26   0.261228    0.84375   0.398942
      0.27   0.247517    0.85092   0.383485
      0.28    0.23135   0.852973   0.363979
      0.29   0.217186   0.851852   0.346125
       0.3   0.192295   0.855297   0.313995
      0.31   0.171634   0.856155   0.285944
      0.32   0.160415   0.860668   0.270427
      0.33   0.147838   0.872038   0.252815
      0.34   0.137828   0.877104   0.238222
      0.35   0.123966   0.886239   0.217507
      0.36   0.114674   0.891304   0.203204
      0.37   0.106818   0.909091   0.191173
      0.38   0.096204   0.917431   0.174147
      0.39   0.092729   0.921569   0.168503
       0.4  0.0908404   0.923858   0.165416
      0.41  0.0844948   0.925824   0.154857
      0.42  0.0750519   0.927326   0.138865
      0.43  0.0732767   0.924471    0.13579
      0.44   0.072559    0.92236   0.134535
      0.45  0.0693862   0.923077    0.12907
      0.46  0.0670822   0.930233    0.12514
      0.47  0.0657224   0.929054   0.122761
      0.48  0.0644004   0.933099   0.120485
      0.49  0.0636449   0.932143   0.119154
       0.5  0.0618319   0.928302   0.115941
      0.51  0.0581681      0.924   0.109446
      0.52  0.0569216   0.924051   0.107237
      0.53  0.0548064   0.917808   0.103436
      0.54  0.0538244   0.924528   0.101726
      0.55  0.0506138   0.927083  0.0959872
      0.56  0.0497073   0.935484  0.0943986
      0.57  0.0477809   0.936416  0.0909225
      0.58  0.0459679   0.938272   0.087642
      0.59  0.0430973   0.933775  0.0823918
       0.6  0.0410198   0.929078  0.0785707
      0.61  0.0372427      0.936  0.0716351
      0.62  0.0313503   0.929825  0.0606556
      0.63  0.0292729   0.927273  0.0567541
      0.64  0.0287441   0.932692  0.0557695
      0.65  0.0274976   0.947917  0.0534449
      0.66  0.0262512   0.945652  0.0510843
      0.67  0.0256091   0.942529  0.0498633
      0.68  0.0218697   0.987013  0.0427912
      0.69  0.0214164   0.986301  0.0419226
       0.7  0.0205477   0.985507   0.040256
      0.71  0.0166195          1  0.0326955
      0.72  0.0157129          1  0.0309397
      0.73  0.0146931          1  0.0289607
      0.74  0.0119736          1  0.0236638
      0.75  0.0116336          1  0.0229997
      0.76  0.0105382          1  0.0208567
      0.77  0.0105382          1  0.0208567
      0.78  0.0100094          1  0.0198205
      0.79  0.0100094          1  0.0198205
       0.8 0.00982059          1  0.0194502
      0.81 0.00982059          1  0.0194502
      0.82 0.00982059          1  0.0194502
      0.83 0.00925401          1  0.0183383
      0.84 0.00895184          1  0.0177448
      0.85 0.00849858          1  0.0168539
      0.86 0.00823418          1  0.0163339
      0.87 0.00819641          1  0.0162596
      0.88 0.00819641          1  0.0162596
      0.89 0.00812087          1  0.0161109
       0.9  0.0080831          1  0.0160366
      0.91  0.0070255          1   0.013953
      0.92 0.00691218          1  0.0137295
      0.93 0.00664778          1  0.0132078
      0.94 0.00653447          1  0.0129841
      0.95 0.00593012          1  0.0117903
      0.96 0.00370161          1 0.00737591
      0.97 0.00260623          1 0.00519892
      0.98 0.00234183          1 0.00467272
      0.99 0.00207743          1 0.00414625
