         0          1   0.181029   0.306561
      0.01   0.747415   0.213332   0.331925
      0.02   0.741922   0.219623   0.338919
      0.03    0.74009     0.2235   0.343321
      0.04   0.732227   0.227291   0.346901
      0.05   0.725657   0.229934   0.349215
      0.06   0.715963   0.235225    0.35411
      0.07   0.706053    0.23847   0.356524
      0.08   0.690004   0.244031   0.360549
      0.09   0.683326   0.247322   0.363191
       0.1   0.671478   0.253126   0.367657
      0.11    0.65629   0.258808   0.371224
      0.12   0.645411   0.261718   0.372419
      0.13   0.619884   0.268579   0.374778
      0.14   0.602434   0.273645   0.376343
      0.15   0.575183   0.282955   0.379311
      0.16   0.562473   0.288288   0.381198
      0.17   0.522189   0.292867   0.375267
      0.18   0.511094   0.298632   0.376989
      0.19   0.501185   0.310084   0.383127
       0.2   0.493753   0.317275   0.386313
      0.21   0.479642   0.326566   0.388572
      0.22   0.469733     0.3397   0.394272
      0.23     0.4609    0.34701   0.395927
      0.24   0.449375   0.359687    0.39956
      0.25   0.443667   0.368316   0.402495
      0.26   0.431387   0.381917   0.405148
      0.27   0.425248   0.391321    0.40758
      0.28   0.412215   0.403306   0.407712
      0.29   0.404459   0.408048   0.406246
       0.3   0.394334   0.424214   0.408729
      0.31   0.383886   0.443536   0.411561
      0.32   0.378501   0.455472   0.413434
      0.33   0.372684   0.474113   0.417324
      0.34   0.364821   0.484775    0.41633
      0.35   0.357604   0.500327   0.417094
      0.36   0.354912   0.515337   0.420338
      0.37   0.348449   0.524602   0.418755
      0.38   0.345648   0.533083   0.419376
      0.39   0.341555   0.541732   0.418961
       0.4   0.334231    0.55082   0.416024
      0.41   0.322383   0.563574   0.410147
      0.42   0.319582   0.576649   0.411248
      0.43    0.31732   0.584629   0.411364
      0.44   0.311181    0.59405   0.408419
      0.45   0.308919   0.598796   0.407571
      0.46   0.301379   0.604013   0.402117
      0.47   0.297609   0.612403   0.400559
      0.48   0.290715   0.621176   0.396068
      0.49   0.278651   0.621156   0.384718
       0.5   0.270681   0.630406    0.37874
      0.51   0.259263   0.653521   0.371247
      0.52   0.253124   0.659763   0.365876
      0.53   0.246015   0.669841   0.359862
      0.54   0.239767    0.67893   0.354383
      0.55   0.224257   0.696429   0.339266
      0.56   0.221779   0.714015   0.338437
      0.57   0.214347   0.733471   0.331746
      0.58   0.203361   0.745575   0.319559
      0.59   0.198406   0.789082   0.317084
       0.6   0.193667    0.81383   0.312878
      0.61   0.183757   0.850299   0.302205
      0.62   0.177617    0.86859   0.294926
      0.63   0.163292   0.886207    0.27577
      0.64   0.156614   0.907063   0.267108
      0.65   0.153382   0.929134   0.263299
      0.66   0.145735   0.960526   0.253072
      0.67   0.140888   0.962441   0.245794
      0.68    0.13324   0.975124   0.234446
      0.69   0.127854   0.973545   0.226025
       0.7   0.115037    0.97546   0.205803
      0.71   0.107497   0.986928   0.193876
      0.72   0.105558          1   0.190959
      0.73  0.0992029          1     0.1805
      0.74  0.0940327          1   0.171901
      0.75  0.0885394          1   0.162676
      0.76  0.0823998          1   0.152254
      0.77   0.060642          1    0.11435
      0.78  0.0532098          1   0.101043
      0.79  0.0366221          1  0.0706567
       0.8  0.0302671          1  0.0587559
      0.81  0.0227273          1  0.0444444
      0.82  0.0210039          1  0.0411436
      0.83  0.0206807          1  0.0405234
      0.84  0.0189573          1  0.0372093
      0.85  0.0180956          1   0.035548
      0.86  0.0152951          1  0.0301294
      0.87  0.0143257          1  0.0282468
      0.88  0.0130332          1   0.025731
      0.89 0.00592417          1  0.0117786
       0.9 0.00549332          1  0.0109266
      0.91 0.00549332          1  0.0109266
      0.92 0.00549332          1  0.0109266
      0.93 0.00495476          1 0.00986066
      0.94 0.00495476          1 0.00986066
      0.95 0.00495476          1 0.00986066
      0.96 0.00452391          1 0.00900708
      0.97 0.00398535          1 0.00793906
      0.98 0.00398535          1 0.00793906
      0.99 0.00312365          1 0.00622785
