         0          1   0.235879   0.381719
      0.01   0.937398   0.423675   0.583587
      0.02   0.932947   0.449289     0.6065
      0.03   0.920229   0.460593   0.613911
      0.04   0.885183   0.474387   0.617724
      0.05   0.858122   0.489082   0.623056
      0.06   0.839327   0.516521   0.639497
      0.07   0.818484   0.530201   0.643532
      0.08   0.798276   0.553575   0.653778
      0.09   0.775666   0.567825   0.655669
       0.1   0.749594   0.592617   0.661926
      0.11   0.717657   0.608569   0.658626
      0.12   0.699004   0.622818   0.658716
      0.13   0.664029   0.640361    0.65198
      0.14   0.636826   0.653048   0.644835
      0.15    0.59634    0.66446    0.62856
      0.16   0.577828   0.674348   0.622368
      0.17   0.538472    0.68005   0.601036
      0.18   0.523917   0.688546   0.595055
      0.19   0.504204   0.700525   0.586368
       0.2   0.488165   0.716373   0.580651
      0.21   0.478909    0.74183   0.582056
      0.22   0.461386   0.745486   0.569997
      0.23   0.454462   0.753939   0.567091
      0.24   0.444005   0.765234   0.561953
      0.25   0.438211   0.778375   0.560737
      0.26   0.423091   0.805128   0.554693
      0.27   0.414965   0.824521   0.552079
      0.28    0.40147   0.838789   0.543029
      0.29   0.390023   0.837542   0.532209
       0.3   0.379354   0.846631   0.523943
      0.31   0.366919   0.859434   0.514277
      0.32   0.360277   0.871094   0.509733
      0.33   0.348831   0.882533   0.500022
      0.34   0.340352   0.889006   0.492249
      0.35   0.324878   0.890487    0.47607
      0.36   0.310606   0.892435   0.460824
      0.37   0.293577    0.90621   0.443483
      0.38   0.284392   0.913449   0.433743
      0.39   0.267011   0.921965   0.414095
       0.4   0.257472    0.94081   0.404299
      0.41   0.240444   0.947987   0.383594
      0.42   0.225465   0.952641   0.364631
      0.43   0.213806   0.955939   0.349453
      0.44   0.205116   0.957317   0.337844
      0.45   0.190702   0.965517   0.318496
      0.46   0.184908   0.964206   0.310307
      0.47   0.180668   0.965035   0.304357
      0.48   0.170847   0.964912   0.290295
      0.49   0.161803   0.971129   0.277389
       0.5   0.155727   0.968927   0.268328
      0.51   0.144987   0.968944   0.252231
      0.52    0.13778    0.97377   0.241403
      0.53   0.129372   0.982394   0.228635
      0.54   0.119621   0.985185   0.213339
      0.55   0.109235   0.992248   0.196804
      0.56   0.105702    0.99187   0.191045
      0.57  0.0988483   0.995633   0.179842
      0.58  0.0910761   0.995413   0.166883
      0.59  0.0903695   0.995349   0.165695
       0.6  0.0875433   0.995122   0.160929
      0.61  0.0862008      0.995   0.158657
      0.62  0.0845757   0.994845   0.155898
      0.63  0.0835865   0.994764   0.154215
      0.64  0.0813255          1   0.150418
      0.65  0.0803363          1   0.148725
      0.66  0.0797004          1   0.147634
      0.67  0.0783579          1   0.145328
      0.68   0.075885          1   0.141065
      0.69  0.0725641          1    0.13531
       0.7  0.0700205          1   0.130877
      0.71  0.0690313          1   0.129147
      0.72  0.0654278          1    0.12282
      0.73  0.0632375          1   0.118953
      0.74  0.0587155          1   0.110918
      0.75  0.0570904          1   0.108014
      0.76  0.0566664          1   0.107255
      0.77  0.0532043          1   0.101033
      0.78   0.053063          1   0.100778
      0.79  0.0520738          1  0.0989926
       0.8  0.0505193          1  0.0961797
      0.81  0.0498128          1  0.0948984
      0.82  0.0464919          1  0.0888529
      0.83  0.0447255          1  0.0856215
      0.84  0.0437363          1  0.0838072
      0.85  0.0431711          1  0.0827689
      0.86  0.0421112          1   0.080819
      0.87  0.0384371          1  0.0740287
      0.88  0.0354695          1   0.068509
      0.89  0.0327139          1  0.0633552
       0.9  0.0283332          1  0.0551051
      0.91   0.025507          1  0.0497451
      0.92  0.0231046          1  0.0451657
      0.93  0.0161803          1  0.0318454
      0.94  0.0156857          1   0.030887
      0.95  0.0123649          1  0.0244277
      0.96 0.00925599          1  0.0183422
      0.97 0.00346216          1 0.00690044
      0.98 0.00346216          1 0.00690044
      0.99 0.00282626          1 0.00563658
