         0          1   0.265439    0.41952
      0.01   0.861217   0.369021    0.51666
      0.02    0.85914   0.375029   0.522136
      0.03   0.850154    0.37991   0.525146
      0.04   0.841887    0.38404   0.527468
      0.05   0.830225    0.38934   0.530091
      0.06   0.815608   0.395291   0.532501
      0.07    0.80135   0.398774    0.53254
      0.08   0.780462   0.403381   0.531867
      0.09   0.771357   0.408133   0.533818
       0.1   0.755102    0.41377   0.534598
      0.11   0.738009   0.419661   0.535064
      0.12   0.719438   0.422373   0.532262
      0.13   0.701066   0.429117   0.532373
      0.14   0.676305     0.4357   0.529972
      0.15   0.656296   0.443842   0.529555
      0.16   0.638803   0.447123   0.526046
      0.17   0.614801    0.45459   0.522694
      0.18   0.607532   0.460315   0.523776
      0.19   0.591677   0.466258   0.521533
       0.2    0.57718    0.47019    0.51822
      0.21   0.553337   0.475116   0.511252
      0.22   0.535924   0.484456   0.508892
      0.23    0.51943   0.487827   0.503133
      0.24   0.503574   0.495071   0.499286
      0.25   0.492831   0.499749   0.496266
      0.26   0.464515   0.505578   0.484178
      0.27   0.444507   0.508257   0.474249
      0.28   0.424737   0.518337   0.466893
      0.29   0.407524   0.520218   0.457027
       0.3   0.384201   0.524932   0.443674
      0.31   0.363473   0.529949   0.431201
      0.32   0.351052   0.532517    0.42315
      0.33   0.330365   0.530061   0.407039
      0.34   0.324294    0.53234   0.403054
      0.35   0.304844   0.526892   0.386228
      0.36   0.295459   0.526441   0.378493
      0.37   0.270298   0.527604   0.357464
      0.38   0.257958   0.533664   0.347799
      0.39   0.242382   0.539529   0.334494
       0.4    0.23068   0.536445   0.322626
      0.41   0.217061   0.537115   0.309177
      0.42   0.201006   0.543578   0.293486
      0.43    0.19238   0.545529   0.284449
      0.44   0.175965   0.548301   0.266427
      0.45   0.169416   0.549858   0.259024
      0.46   0.157674   0.546584   0.244746
      0.47   0.151524   0.546755   0.237287
      0.48   0.139982   0.540476    0.22237
      0.49   0.133552   0.533835   0.213653
       0.5   0.119853   0.541838   0.196288
      0.51   0.110667   0.542601   0.183839
      0.52   0.108511   0.543614    0.18091
      0.53   0.099365   0.538721   0.167783
      0.54  0.0943328   0.530249   0.160171
      0.55  0.0875434   0.530888   0.150302
      0.56  0.0860258   0.533066   0.148144
      0.57   0.077559   0.529032   0.135285
      0.58  0.0746835   0.523596   0.130721
      0.59  0.0656176   0.511905   0.116324
       0.6  0.0632214   0.506203   0.112404
      0.61  0.0568313   0.502688   0.102118
      0.62  0.0541955   0.505747     0.0979
      0.63  0.0525979   0.513514   0.095422
      0.64  0.0472862    0.52649  0.0867785
      0.65  0.0468869   0.532646   0.086187
      0.66  0.0432925   0.565891  0.0804317
      0.67  0.0416151   0.576132  0.0776233
      0.68  0.0389393   0.594595  0.0730918
      0.69  0.0374616    0.59434  0.0704807
       0.7  0.0321498        0.6  0.0610295
      0.71  0.0292344   0.591716  0.0557161
      0.72  0.0272375   0.587097  0.0520598
      0.73  0.0241623   0.614286  0.0464958
      0.74  0.0239626   0.621212  0.0461452
      0.75  0.0227245   0.606838  0.0438086
      0.76  0.0216462   0.585586  0.0417492
      0.77  0.0162546   0.535354  0.0315513
      0.78  0.0145373   0.494505  0.0282443
      0.79  0.0110228    0.47619  0.0215468
       0.8 0.00986461   0.447368  0.0193036
      0.81 0.00750829   0.393939  0.0147357
      0.82 0.00722872   0.360656  0.0141734
      0.83 0.00646991   0.321429  0.0126845
      0.84 0.00555134       0.25  0.0108615
      0.85 0.00379408   0.209302 0.00745306
      0.86 0.000718879  0.0909091 0.00142648
      0.87 0.000718879  0.0909091 0.00142648
      0.88 0.000718879    0.09375 0.00142682
      0.89 0.000718879    0.09375 0.00142682
       0.9 0.000718879   0.111111 0.00142851
      0.91 0.000639003  0.0869565 0.00126868
      0.92 0.000559128   0.047619 0.00110528
      0.93          0          0          0
      0.94          0          0          0
      0.95          0          0          0
      0.96          0          0          0
      0.97          0          0          0
      0.98          0          0          0
      0.99          0          0          0
