         0          1    0.32957   0.495755
      0.01   0.921368   0.492014   0.641477
      0.02   0.864863   0.511676    0.64296
      0.03   0.836737   0.526297   0.646165
      0.04   0.802995   0.546799   0.650583
      0.05   0.780529   0.564018   0.654841
      0.06   0.738363   0.590438   0.656167
      0.07   0.718407   0.607749   0.658461
      0.08   0.681261   0.632522   0.655988
      0.09   0.654072   0.651403   0.652735
       0.1   0.619266   0.671736   0.644435
      0.11   0.576291   0.687573   0.627033
      0.12   0.550421   0.693177   0.613606
      0.13   0.529615   0.699911   0.602969
      0.14   0.511361    0.70333   0.592176
      0.15   0.474385   0.712318   0.569499
      0.16   0.456004   0.719892   0.558338
      0.17   0.432559   0.731869   0.543746
      0.18   0.422858    0.73913   0.537952
      0.19   0.406519    0.74806   0.526773
       0.2   0.394094   0.756904   0.518318
      0.21     0.3755   0.762724   0.503245
      0.22    0.36248   0.769049   0.492722
      0.23   0.349077   0.773183   0.480994
      0.24   0.328057   0.776465    0.46124
      0.25   0.316441   0.779943   0.450218
      0.26   0.304783   0.782012   0.438618
      0.27   0.296443   0.782562   0.429998
      0.28    0.28304   0.787415   0.416402
      0.29    0.27036   0.786178   0.402354
       0.3   0.264105    0.79319   0.396267
      0.31   0.252957   0.794872   0.383781
      0.32   0.243894   0.798172   0.373622
      0.33   0.236916   0.799107   0.365477
      0.34   0.233087   0.799845   0.360979
      0.35   0.220875   0.801314   0.346296
      0.36   0.213556   0.803787   0.337455
      0.37   0.202961   0.817599   0.325196
      0.38   0.196324       0.82     0.3168
      0.39   0.188963    0.82551    0.30753
       0.4   0.185261   0.827476   0.302742
      0.41    0.17173   0.824683   0.284265
      0.42   0.150455   0.823899   0.254445
      0.43   0.143222    0.83004   0.244292
      0.44   0.139477   0.837466   0.239129
      0.45    0.13484   0.838298   0.232312
      0.46   0.129308    0.84812   0.224403
      0.47    0.12416   0.849612   0.216658
      0.48   0.117054   0.866116   0.206235
      0.49   0.112118   0.870466    0.19865
       0.5   0.107353   0.884972   0.191478
      0.51    0.10331   0.906188   0.185475
      0.52  0.0985448   0.914046   0.177909
      0.53   0.093141   0.921171   0.169176
      0.54  0.0901625   0.923788    0.16429
      0.55  0.0873968   0.932039   0.159808
      0.56  0.0842907   0.934837   0.154638
      0.57  0.0802485   0.943396   0.147915
      0.58  0.0776104   0.941828   0.143404
      0.59  0.0753553   0.945087   0.139581
       0.6  0.0705897    0.95092   0.131424
      0.61   0.068207   0.952077   0.127295
      0.62   0.066122   0.956229   0.123691
      0.63   0.064335   0.957447   0.120568
      0.64  0.0618245   0.980545   0.116315
      0.65  0.0604204   0.979592    0.11382
      0.66  0.0573568   0.991111   0.108438
      0.67   0.056208          1   0.106434
      0.68  0.0529317          1   0.100542
      0.69  0.0499957          1  0.0952304
       0.7  0.0462939          1  0.0884913
      0.71   0.043741          1  0.0838157
      0.72  0.0429751          1  0.0824086
      0.73  0.0392307          1  0.0754995
      0.74  0.0372734          1  0.0718681
      0.75  0.0326781          1   0.063288
      0.76  0.0318271          1  0.0616907
      0.77  0.0298272          1  0.0579267
      0.78  0.0247213          1  0.0482498
      0.79  0.0214875          1  0.0420711
       0.8  0.0211046          1  0.0413368
      0.81  0.0201685          1  0.0395395
      0.82  0.0179985          1  0.0353605
      0.83  0.0174028          1  0.0342102
      0.84  0.0155306          1  0.0305862
      0.85    0.01502          1  0.0295955
      0.86  0.0134457          1  0.0265346
      0.87  0.0125947          1   0.024876
      0.88 0.00948855          1  0.0187987
      0.89 0.00948855          1  0.0187987
       0.9 0.00889286          1  0.0176289
      0.91 0.00795677          1  0.0157879
      0.92 0.00765892          1  0.0152014
      0.93 0.00765892          1  0.0152014
      0.94 0.00642499          1  0.0127679
      0.95 0.00642499          1  0.0127679
      0.96 0.00536125          1  0.0106653
      0.97  0.0044677          1 0.00889567
      0.98  0.0044677          1 0.00889567
      0.99 0.00361671          1 0.00720736
