         0          1   0.256164   0.407851
      0.01    0.94794   0.509691   0.662934
      0.02   0.940569   0.513956   0.664699
      0.03   0.929774   0.516388   0.663998
      0.04   0.913465   0.525986   0.667574
      0.05   0.898665   0.533477   0.669511
      0.06   0.882647   0.546678   0.675177
      0.07   0.863204   0.554993   0.675607
      0.08   0.837377   0.564509   0.674387
      0.09   0.824492    0.57164   0.675169
       0.1   0.797504   0.589919   0.678182
      0.11   0.773883   0.605301   0.679289
      0.12   0.756239   0.617167   0.679662
      0.13   0.733082   0.628577   0.676819
      0.14   0.716773   0.631488   0.671433
      0.15   0.692687   0.637979   0.664208
      0.16   0.664248   0.637931   0.650824
      0.17   0.626059   0.642078   0.633967
      0.18   0.597969   0.642702   0.619529
      0.19   0.571213   0.648704   0.607497
       0.2   0.552525   0.649619   0.597151
      0.21   0.520371   0.653933   0.579557
      0.22   0.499594   0.661724   0.569342
      0.23   0.485955   0.669404   0.563115
      0.24   0.474289   0.670886   0.555712
      0.25   0.453337   0.673225   0.541822
      0.26   0.433372   0.674221    0.52761
      0.27   0.415032   0.678481   0.515021
      0.28   0.390888   0.687213   0.498327
      0.29    0.37011   0.690202   0.481841
       0.3   0.357864   0.691884   0.471733
      0.31   0.335403   0.690089   0.451409
      0.32   0.322519   0.687263   0.439016
      0.33   0.308648   0.687536   0.426039
      0.34   0.299942   0.686148   0.417416
      0.35   0.284968   0.691267   0.403569
      0.36    0.27307   0.690159   0.391313
      0.37   0.256529   0.688769   0.373828
      0.38   0.250725   0.691176   0.367969
      0.39   0.238305   0.701728   0.355786
       0.4    0.23105   0.705238   0.348067
      0.41   0.220952   0.714992   0.337582
      0.42    0.21184   0.722755   0.327646
      0.43   0.207313    0.73297   0.323209
      0.44    0.19971   0.754643   0.315836
      0.45   0.189843   0.764103   0.304126
      0.46   0.186593   0.770613   0.300439
      0.47   0.182124   0.780328   0.295322
      0.48   0.177017   0.788813   0.289147
      0.49   0.171909   0.795967   0.282751
       0.5   0.167789    0.80198   0.277516
      0.51   0.154962   0.806069    0.25995
      0.52   0.153976   0.812416   0.258885
      0.53   0.149739   0.821229   0.253293
      0.54   0.147882    0.82808   0.250948
      0.55   0.145676   0.836041   0.248119
      0.56   0.144922   0.840841   0.247232
      0.57   0.141788   0.844961   0.242828
      0.58   0.139002   0.844444    0.23871
      0.59     0.1361   0.849271   0.234603
       0.6   0.134765   0.848586   0.232592
      0.61   0.130702   0.848696    0.22652
      0.62   0.127568   0.853261   0.221953
      0.63   0.119559   0.851638   0.209681
      0.64   0.113581   0.854737   0.200516
      0.65   0.110737   0.857778   0.196151
      0.66   0.102844   0.867647   0.183891
      0.67  0.0976204   0.872727   0.175599
      0.68  0.0881021   0.867052   0.159951
      0.69  0.0819501   0.865854   0.149729
       0.7  0.0687754   0.860377   0.127369
      0.71  0.0522345   0.845133   0.098388
      0.72  0.0486941   0.862559  0.0921842
      0.73  0.0459663   0.883249   0.087385
      0.74  0.0450377   0.889474  0.0857344
      0.75  0.0431805   0.892655  0.0823762
      0.76  0.0412652   0.890244  0.0788744
      0.77    0.03935   0.906667  0.0754264
      0.78  0.0366802   0.926471  0.0705666
      0.79  0.0332559          1  0.0643712
       0.8  0.0322693          1  0.0625211
      0.81   0.030296          1  0.0588103
      0.82   0.025711          1   0.050133
      0.83  0.0240279          1  0.0469281
      0.84  0.0194428          1   0.038144
      0.85  0.0179338          1  0.0352358
      0.86  0.0127684          1  0.0252149
      0.87 0.00946024          1  0.0187432
      0.88 0.00847359          1  0.0168048
      0.89 0.00771909          1  0.0153199
       0.9 0.00261172          1 0.00520984
      0.91 0.00249565          1 0.00497887
      0.92 0.00249565          1 0.00497887
      0.93 0.00237957          1 0.00474784
      0.94 0.00237957          1 0.00474784
      0.95 0.00226349          1 0.00451676
      0.96 0.00214742          1 0.00428563
      0.97 0.00203134          1 0.00405445
      0.98 0.00191526          1 0.00382321
      0.99 0.00168311          1 0.00336057
