         0          1   0.382258   0.553092
      0.01   0.856509    0.56138   0.678229
      0.02   0.844805   0.559468   0.673147
      0.03    0.83013   0.557092   0.666741
      0.04   0.815706   0.560416   0.664381
      0.05   0.792119   0.561971   0.657486
      0.06   0.767493   0.564142   0.650291
      0.07   0.755825   0.565756   0.647123
      0.08   0.730126   0.569236    0.63972
      0.09   0.712517   0.568453   0.632384
       0.1    0.67923   0.567436   0.618321
      0.11   0.647267   0.567723   0.604891
      0.12   0.626078   0.563404    0.59309
      0.13   0.593293   0.561722   0.577076
      0.14   0.570636   0.560298    0.56542
      0.15   0.547478   0.566475   0.556815
      0.16   0.532911    0.57109    0.55134
      0.17   0.513655   0.575944   0.543019
      0.18   0.503991   0.577392     0.5382
      0.19   0.486775   0.581904   0.530105
       0.2   0.474033   0.583831   0.523234
      0.21   0.456817   0.591411   0.515473
      0.22   0.444039   0.595341   0.508677
      0.23    0.43459   0.598807   0.503651
      0.24   0.420774   0.604886   0.496305
      0.25   0.413436   0.606012   0.491535
      0.26   0.396328   0.607915   0.479831
      0.27   0.382082   0.607044   0.468981
      0.28   0.364079   0.606141   0.454914
      0.29    0.35488   0.605761   0.447561
       0.3   0.335803   0.609939    0.43314
      0.31   0.321951   0.610908   0.421677
      0.32    0.30878   0.616069   0.411375
      0.33   0.296539   0.620968   0.401395
      0.34   0.290991   0.627574   0.397617
      0.35   0.276961   0.631934   0.385129
      0.36   0.268693   0.635299   0.377659
      0.37   0.251512   0.632832   0.359962
      0.38   0.242063   0.633043   0.350212
      0.39   0.225885    0.63153   0.332752
       0.4    0.21461   0.629808   0.320134
      0.41   0.204911   0.628382   0.309044
      0.42   0.197251   0.634553   0.300951
      0.43   0.186012    0.63509   0.287746
      0.44    0.17889   0.637337   0.279366
      0.45   0.170944   0.641264   0.269931
      0.46   0.162855   0.647403   0.260245
      0.47   0.160027   0.647177   0.256604
      0.48   0.150614   0.647776   0.244402
      0.49    0.14546   0.650413   0.237749
       0.5   0.135867   0.654412   0.225017
      0.51   0.128244   0.679144   0.215747
      0.52   0.123913   0.700096   0.210558
      0.53   0.116361   0.723449   0.200476
      0.54   0.112638   0.728889   0.195123
      0.55   0.108522   0.742754   0.189375
      0.56   0.103332   0.740548   0.181359
      0.57  0.0938831   0.745614   0.166768
      0.58  0.0855077   0.756369   0.153646
      0.59  0.0821432    0.75784   0.148221
       0.6  0.0789935    0.77095   0.143304
      0.61  0.0759154   0.784394   0.138433
      0.62  0.0708329   0.809524   0.130267
      0.63  0.0662873   0.822281   0.122684
      0.64  0.0636744    0.84593   0.118434
      0.65  0.0608111   0.861635   0.113604
      0.66  0.0565518   0.895833   0.106388
      0.67  0.0555496   0.909091   0.104701
      0.68  0.0518988   0.922179  0.0982672
      0.69  0.0487133   0.924303   0.092549
       0.7  0.0467447   0.937238  0.0890481
      0.71  0.0456709   0.947598  0.0871419
      0.72  0.0422707   0.966346  0.0809982
      0.73  0.0418769   0.980198  0.0803223
      0.74  0.0414832          1  0.0796618
      0.75  0.0397294          1  0.0764226
      0.76  0.0385841          1  0.0743013
      0.77  0.0358638          1  0.0692443
      0.78  0.0343964          1  0.0665052
      0.79  0.0337879          1  0.0653672
       0.8  0.0336089          1  0.0650322
      0.81  0.0318193          1  0.0616761
      0.82  0.0300297          1  0.0583084
      0.83  0.0291707          1  0.0566878
      0.84  0.0266652          1  0.0519453
      0.85  0.0258062          1   0.050314
      0.86  0.0212606          1   0.041636
      0.87  0.0190415          1  0.0373714
      0.88  0.0181467          1  0.0356465
      0.89  0.0171803          1  0.0337802
       0.9  0.0144959          1  0.0285775
      0.91  0.0112746          1  0.0222977
      0.92 0.00901965          1   0.017878
      0.93 0.00848277          1  0.0168228
      0.94 0.00798167          1  0.0158369
      0.95 0.00708687          1   0.014074
      0.96 0.00705108          1  0.0140034
      0.97 0.00540463          1  0.0107512
      0.98 0.00365081          1 0.00727506
      0.99 0.00150327          1 0.00300204
