         0          1   0.173626   0.295879
      0.01   0.946546   0.461469    0.62045
      0.02   0.938106   0.472707   0.628643
      0.03    0.92986   0.483235   0.635967
      0.04   0.912689   0.505312   0.650483
      0.05   0.895809    0.52897   0.665164
      0.06   0.863213   0.562389   0.681062
      0.07   0.847206   0.590896    0.69621
      0.08   0.821304   0.675959   0.741577
      0.09   0.798312   0.733417    0.76449
       0.1   0.774059   0.786067   0.780017
      0.11   0.751261   0.808219     0.7787
      0.12   0.737194   0.827103   0.779565
      0.13   0.725844   0.853053   0.784324
      0.14   0.715949   0.858372   0.780718
      0.15     0.7078   0.874048   0.782188
      0.16   0.704792   0.881476   0.783294
      0.17   0.699166   0.887345   0.782095
      0.18   0.696934   0.889302   0.781454
      0.19   0.687427   0.899068   0.779131
       0.2   0.685584    0.90047    0.77847
      0.21   0.679569   0.904992   0.776246
      0.22   0.672487   0.904801   0.771536
      0.23   0.664435   0.906723   0.766898
      0.24   0.657548   0.908625   0.762961
      0.25   0.653667   0.911207   0.761245
      0.26   0.647555   0.913005   0.757704
      0.27   0.641347   0.914362   0.753898
      0.28   0.631839   0.918199   0.748567
      0.29   0.625146    0.91814    0.74383
       0.3   0.611079   0.921965      0.735
      0.31   0.597691   0.923838   0.725809
      0.32   0.593035   0.922613    0.72199
      0.33    0.58799   0.924352   0.718766
      0.34   0.578192   0.924388   0.711408
      0.35   0.560827   0.926696   0.698767
      0.36   0.549282   0.930571   0.690806
      0.37    0.54317   0.935558   0.687303
      0.38   0.541133   0.940559   0.687009
      0.39   0.518432   0.944107   0.669323
       0.4   0.506015   0.946584   0.659488
      0.41   0.492627   0.950192   0.648855
      0.42   0.485836   0.960265   0.645227
      0.43   0.479239   0.962315   0.639836
      0.44   0.464203   0.969317   0.627769
      0.45   0.460322    0.97155   0.624673
      0.46   0.441987   0.973723   0.607996
      0.47   0.436263   0.980712    0.60389
      0.48   0.434711   0.990937   0.604316
      0.49   0.424331   0.993874    0.59474
       0.5   0.415114   0.993779   0.585611
      0.51   0.410943    0.99684   0.581971
      0.52   0.409488   0.996825   0.580508
      0.53   0.404249   0.996774   0.575215
      0.54   0.401145   0.996743    0.57206
      0.55   0.395324          1   0.566641
      0.56   0.390667          1   0.561842
      0.57   0.382712          1   0.553568
      0.58   0.371653          1   0.541905
      0.59   0.362243          1   0.531833
       0.6   0.356713          1   0.525849
      0.61   0.342938          1   0.510727
      0.62   0.314707          1   0.478749
      0.63    0.30326          1   0.465386
      0.64   0.269014          1   0.423974
      0.65   0.257276          1   0.409259
      0.66   0.239717          1   0.386728
      0.67   0.224486          1   0.366661
      0.68   0.212165          1    0.35006
      0.69   0.207218          1   0.343298
       0.7   0.182965          1   0.309332
      0.71   0.164532          1   0.282572
      0.72   0.139018          1   0.244102
      0.73   0.129802          1   0.229778
      0.74   0.114571          1   0.205588
      0.75   0.108847          1   0.196325
      0.76   0.100407          1   0.182491
      0.77  0.0847885          1   0.156323
      0.78  0.0831393          1   0.153515
      0.79  0.0651921          1   0.122404
       0.8  0.0640279          1    0.12035
      0.81  0.0616997          1   0.116228
      0.82  0.0585953          1   0.110704
      0.83  0.0541327          1   0.102706
      0.84  0.0535506          1   0.101657
      0.85  0.0444315          1  0.0850827
      0.86  0.0350213          1  0.0676727
      0.87  0.0344393          1  0.0665854
      0.88  0.0311409          1  0.0604008
      0.89  0.0306558          1   0.059488
       0.9  0.0297827          1  0.0578427
      0.91  0.0252231          1  0.0492051
      0.92  0.0212456          1  0.0416073
      0.93  0.0212456          1  0.0416073
      0.94  0.0184323          1  0.0361974
      0.95  0.0183353          1  0.0360103
      0.96  0.0183353          1  0.0360103
      0.97   0.016201          1  0.0318854
      0.98   0.016201          1  0.0318854
      0.99  0.0126116          1   0.024909
