         0          1   0.331079    0.49746
      0.01   0.895861   0.313292   0.464236
      0.02   0.894161   0.318734   0.469949
      0.03   0.892211   0.323698   0.475047
      0.04     0.8857   0.329507    0.48032
      0.05   0.878442   0.333539   0.483497
      0.06   0.867535   0.339248   0.487759
      0.07   0.858286   0.343099   0.490229
      0.08   0.844476   0.350183   0.495072
      0.09   0.833527   0.354255   0.497198
       0.1    0.81814    0.36159   0.501523
      0.11   0.804122   0.369924   0.506733
      0.12   0.789358   0.375044   0.508491
      0.13   0.773266   0.385317    0.51434
      0.14   0.761612   0.392275   0.517835
      0.15   0.742245    0.40124   0.520896
      0.16    0.73312   0.408218   0.524425
      0.17   0.716075   0.419538    0.52909
      0.18   0.701269    0.42689   0.530714
      0.19   0.680864   0.439297   0.534033
       0.2   0.668837   0.449264    0.53749
      0.21   0.650672   0.461267   0.539838
      0.22    0.63176   0.473834   0.541517
      0.23   0.622014   0.482872   0.543682
      0.24   0.602605   0.495874   0.544054
      0.25   0.588587   0.507305   0.544932
      0.26   0.576311   0.524112   0.548973
      0.27   0.561878   0.534454   0.547823
      0.28   0.537036    0.55078   0.543821
      0.29   0.528741   0.562806   0.545242
       0.3   0.514308   0.581227   0.545724
      0.31   0.501742    0.60156   0.547136
      0.32   0.492742   0.612831   0.546264
      0.33   0.479346   0.631199   0.544891
      0.34   0.469849   0.640464   0.542048
      0.35   0.456536   0.658487   0.539223
      0.36   0.445712   0.669808   0.535251
      0.37   0.430242   0.686077   0.528844
      0.38   0.420123    0.69863    0.52471
      0.39   0.400423   0.712312   0.512658
       0.4   0.390138   0.722247   0.506616
      0.41    0.37641   0.735294   0.497924
      0.42   0.355591   0.753093   0.483082
      0.43   0.348996   0.767655   0.479843
      0.44    0.33672   0.780431   0.470459
      0.45   0.321417   0.786905    0.45641
      0.46   0.302671   0.796508   0.438654
      0.47   0.291763   0.800141   0.427605
      0.48   0.276999   0.808188   0.412587
      0.49   0.269949   0.815873   0.405672
       0.5   0.255972   0.825561    0.39078
      0.51   0.236314   0.830813   0.367965
      0.52   0.227356   0.833831   0.357291
      0.53   0.212964   0.837541   0.339582
      0.54   0.204214   0.848946   0.329231
      0.55   0.188122   0.858958   0.308647
      0.56   0.180076   0.862772   0.297962
      0.57   0.165436   0.877458   0.278386
      0.58   0.154073   0.884488   0.262431
      0.59   0.143746   0.898897   0.247856
       0.6   0.134083    0.90297   0.233494
      0.61   0.122014   0.927152   0.215648
      0.62   0.114217    0.92665   0.203367
      0.63   0.107664   0.933687   0.193066
      0.64  0.0938537   0.942771   0.170713
      0.65  0.0804579   0.946667   0.148311
      0.66  0.0700896   0.962121   0.130661
      0.67  0.0644907   0.979079   0.121011
      0.68   0.057855   0.995392   0.109354
      0.69  0.0537906          1    0.10209
       0.7  0.0458693          1  0.0877151
      0.71  0.0411413          1  0.0790312
      0.72  0.0390677          1  0.0751976
      0.73  0.0343812          1  0.0664769
      0.74  0.0332614          1  0.0643815
      0.75  0.0306486          1  0.0594745
      0.76  0.0274552          1  0.0534431
      0.77  0.0260451          1   0.050768
      0.78  0.0255474          1  0.0498221
      0.79   0.023847          1  0.0465832
       0.8   0.021566          1  0.0422215
      0.81  0.0170869          1  0.0335997
      0.82  0.0153865          1  0.0303067
      0.83  0.0144326          1  0.0284546
      0.84 0.00750664          1  0.0149014
      0.85  0.0072578          1   0.014411
      0.86 0.00655275          1  0.0130202
      0.87 0.00580624          1  0.0115454
      0.88 0.00522561          1  0.0103969
      0.89 0.00460352          1 0.00916484
       0.9 0.00203218          1 0.00405612
      0.91 0.00182482          1 0.00364299
      0.92 0.00182482          1 0.00364299
      0.93 0.00182482          1 0.00364299
      0.94 0.00165893          1 0.00331236
      0.95 0.00165893          1 0.00331236
      0.96 0.00153451          1 0.00306431
      0.97 0.00132714          1 0.00265076
      0.98 0.00124419          1  0.0024853
      0.99  0.0010783          1 0.00215428
