         0          1   0.339259   0.506637
      0.01   0.969927    0.75991    0.85217
      0.02   0.963007   0.763478   0.851713
      0.03   0.950986   0.765011    0.84792
      0.04   0.939351   0.774392   0.848932
      0.05   0.929262   0.779113   0.847589
      0.06   0.905721   0.790422   0.844152
      0.07   0.887708   0.798013   0.840474
      0.08    0.86409   0.808473   0.835357
      0.09   0.846463   0.814849   0.830355
       0.1   0.822652   0.822608    0.82263
      0.11   0.803904   0.829965   0.816727
      0.12   0.791805    0.83318   0.811966
      0.13     0.7707   0.837944   0.802916
      0.14   0.753498   0.840793   0.794756
      0.15   0.730731   0.846387   0.784318
      0.16   0.712949   0.848451    0.77482
      0.17   0.692153   0.855427   0.765177
      0.18   0.677155    0.85968   0.757578
      0.19   0.656513   0.865928   0.746818
       0.2   0.647043   0.869897     0.7421
      0.21   0.626401    0.87006   0.728394
      0.22   0.609857   0.873812   0.718355
      0.23   0.598879   0.875191   0.711138
      0.24   0.575995   0.879195   0.696008
      0.25   0.568496   0.883843   0.691934
      0.26   0.555972   0.893264   0.685368
      0.27   0.542868   0.895565   0.675977
      0.28   0.518554   0.900341   0.658083
      0.29    0.50317   0.909379   0.647867
       0.3    0.48191   0.916351    0.63164
      0.31   0.465945   0.925565   0.619848
      0.32   0.454426   0.927323   0.609951
      0.33   0.433436   0.929366   0.591166
      0.34   0.423038     0.9332   0.582168
      0.35   0.406881     0.9375   0.567474
      0.36   0.394588   0.938371   0.555561
      0.37   0.377851   0.938547    0.53879
      0.38   0.366602   0.938905   0.527312
      0.39   0.350483   0.939032   0.510447
       0.4   0.344646   0.938339   0.504129
      0.41   0.336799   0.937103    0.49551
      0.42   0.324082   0.936085   0.481473
      0.43   0.311403   0.934677   0.467163
      0.44   0.293119   0.936217   0.446458
      0.45   0.284654   0.935263   0.436466
      0.46   0.269888   0.934372   0.418806
      0.47    0.26293   0.933504   0.410296
      0.48   0.241593   0.929616   0.383516
      0.49    0.23162   0.927221   0.370651
       0.5   0.213684   0.922535   0.346994
      0.51   0.205876   0.919916   0.336453
      0.52   0.195245   0.919692   0.322109
      0.53   0.187051   0.915802   0.310651
      0.54   0.182799   0.915561   0.304751
      0.55   0.168922   0.911803   0.285037
      0.56    0.15949   0.910082   0.271415
      0.57     0.1477   0.904486   0.253933
      0.58   0.142327   0.901065   0.245825
      0.59    0.12586   0.894921   0.220684
       0.6    0.11809   0.889513   0.208501
      0.61   0.103131   0.882474   0.184679
      0.62   0.090143   0.882759   0.163582
      0.63  0.0828373   0.880488   0.151428
      0.64  0.0765365   0.873351   0.140739
      0.65  0.0698879   0.873239   0.129418
      0.66  0.0634712   0.871069   0.118321
      0.67  0.0594898    0.86532   0.111326
      0.68  0.0507151   0.855469  0.0957536
      0.69  0.0440665    0.84375  0.0837585
       0.7  0.0398145   0.842365  0.0760351
      0.71  0.0328179   0.827381  0.0631318
      0.72  0.0316969   0.822785  0.0610423
      0.73  0.0278315   0.823944  0.0538442
      0.74  0.0257828   0.822581  0.0499984
      0.75   0.019482   0.819149  0.0380589
      0.76  0.0177426    0.82716  0.0347399
      0.77   0.015346   0.849315  0.0301472
      0.78  0.0147661   0.880597  0.0290452
      0.79  0.0139157   0.866667  0.0273916
       0.8  0.0128721   0.924528  0.0253906
      0.81  0.0127174   0.958333  0.0251018
      0.82  0.0126788   0.977778   0.025033
      0.83  0.0110553          1  0.0218688
      0.84 0.00977967          1  0.0193699
      0.85 0.00831078          1  0.0164846
      0.86 0.00823348          1  0.0163325
      0.87 0.00815617          1  0.0161804
      0.88 0.00757634          1  0.0150387
      0.89 0.00707383          1  0.0140483
       0.9 0.00699652          1  0.0138958
      0.91 0.00676459          1  0.0134383
      0.92 0.00583688          1   0.011606
      0.93 0.00552764          1  0.0109945
      0.94 0.00459992          1 0.00915772
      0.95 0.00363355          1 0.00724079
      0.96 0.00355624          1 0.00708728
      0.97 0.000889061          1 0.00177654
      0.98 0.000889061          1 0.00177654
      0.99 0.000773096          1   0.001545
