         0          1   0.393948   0.565226
      0.01   0.906126   0.432845   0.585841
      0.02   0.902235   0.436723   0.588557
      0.03   0.896541   0.437226   0.587795
      0.04   0.883383   0.438288   0.585889
      0.05   0.870331   0.439227    0.58382
      0.06   0.851196   0.440906    0.58091
      0.07   0.831919   0.441384   0.576761
      0.08    0.80578   0.446944   0.574969
      0.09   0.789297   0.449644   0.572913
       0.1    0.76383   0.455716   0.570851
      0.11   0.736418   0.460671   0.566786
      0.12   0.715478   0.464568   0.563348
      0.13   0.690188   0.471708   0.560407
      0.14   0.670699   0.476956   0.557474
      0.15    0.63264   0.481026   0.546513
      0.16    0.61209   0.484741   0.541022
      0.17   0.579832   0.492189   0.532427
      0.18    0.55914   0.496795   0.526127
      0.19   0.515492   0.509174   0.512314
       0.2   0.496746     0.5186   0.507438
      0.21   0.466999   0.532349   0.497537
      0.22   0.442452   0.542538    0.48741
      0.23   0.418046   0.554048   0.476533
      0.24   0.388087   0.565463   0.460278
      0.25   0.366511   0.572596   0.446941
      0.26   0.341645   0.592007   0.433259
      0.27   0.327073   0.602506   0.423984
      0.28   0.304506   0.619475   0.408307
      0.29   0.292374   0.633775    0.40015
       0.3   0.270232   0.644708   0.380835
      0.31   0.247842   0.653162   0.359335
      0.32   0.232492   0.660972   0.343988
      0.33   0.211658   0.668077   0.321469
      0.34    0.20087    0.67319   0.309415
      0.35   0.186722    0.67828   0.292831
      0.36   0.176181   0.686628   0.280412
      0.37   0.156728   0.688324    0.25532
      0.38   0.148097   0.695829   0.244216
      0.39   0.138193   0.702079   0.230931
       0.4   0.128077   0.708861   0.216955
      0.41   0.114106    0.71086   0.196646
      0.42   0.108022   0.714939   0.187686
      0.43   0.102044    0.71637   0.178642
      0.44  0.0929188   0.723708   0.164692
      0.45  0.0910088   0.727273   0.161774
      0.46  0.0870473    0.72619    0.15546
      0.47  0.0840407   0.728601   0.150699
      0.48  0.0799024   0.726457    0.14397
      0.49  0.0777094   0.735714   0.140571
       0.5  0.0728282       0.73   0.132443
      0.51  0.0682654   0.714667   0.124626
      0.52  0.0637026   0.705556   0.116855
      0.53  0.0612267   0.692537   0.112507
      0.54  0.0595642   0.681115   0.109548
      0.55  0.0558857   0.668896   0.103153
      0.56  0.0546831   0.666667   0.101075
      0.57  0.0498019   0.654135  0.0925571
      0.58  0.0437535   0.637097  0.0818836
      0.59  0.0417728   0.626609  0.0783241
       0.6  0.0399335   0.609865  0.0749588
      0.61  0.0388016   0.622549  0.0730503
      0.62  0.0371038   0.614973  0.0699852
      0.63  0.0361842   0.616667  0.0683574
      0.64  0.0344157   0.662338  0.0654315
      0.65  0.0339912       0.66  0.0646527
      0.66  0.0299236   0.666667  0.0572763
      0.67  0.0294638   0.677686  0.0564723
      0.68  0.0277306    0.66055  0.0532267
      0.69   0.026245       0.65   0.050453
       0.7  0.0207272   0.611765   0.040096
      0.71  0.0189587   0.662338  0.0368622
      0.72  0.0170133   0.685714  0.0332028
      0.73  0.0163413   0.754386  0.0319896
      0.74  0.0158814   0.759259  0.0311121
      0.75  0.0155985   0.764706  0.0305733
      0.76   0.014502    0.76087  0.0284615
      0.77   0.013936   0.790698  0.0273894
      0.78  0.0131225   0.794872  0.0258188
      0.79  0.0128396   0.828571  0.0252873
       0.8  0.0125566   0.870968  0.0247563
      0.81  0.0107527          1  0.0212766
      0.82  0.0107527          1  0.0212766
      0.83   0.010116          1  0.0200294
      0.84 0.00983305          1  0.0194746
      0.85 0.00983305          1  0.0194746
      0.86 0.00933786          1  0.0185029
      0.87  0.0088073          1  0.0174608
      0.88 0.00809989          1  0.0160696
      0.89 0.00781692          1  0.0155126
       0.9 0.00679117          1  0.0134907
      0.91 0.00505801          1  0.0100651
      0.92 0.00459819          1 0.00915428
      0.93  0.0038554          1  0.0076812
      0.94  0.0038554          1  0.0076812
      0.95  0.0038554          1  0.0076812
      0.96  0.0035017          1 0.00697896
      0.97 0.00318336          1 0.00634652
      0.98 0.00293577          1 0.00585435
      0.99  0.0026528          1 0.00529157
