         0          1   0.310743   0.474148
      0.01   0.937272    0.41625    0.57648
      0.02    0.93667   0.424864   0.584572
      0.03   0.935427   0.431181   0.590277
      0.04   0.932299   0.440973   0.598743
      0.05   0.927486   0.446807   0.603084
      0.06   0.923074   0.459686   0.613735
      0.07   0.917619   0.467457   0.619384
      0.08   0.910801   0.481424     0.6299
      0.09   0.904665   0.491918     0.6373
       0.1   0.900894   0.506638    0.64855
      0.11   0.894878   0.522905   0.660095
      0.12   0.886015   0.535858    0.66782
      0.13    0.87695    0.55642   0.680847
      0.14   0.870493    0.56836   0.687706
      0.15    0.85818   0.582233   0.693774
      0.16   0.849557   0.594735   0.699667
      0.17   0.837324   0.611613   0.706888
      0.18   0.831749   0.621583    0.71147
      0.19   0.816388   0.638903   0.716823
       0.2   0.810292    0.65093   0.721921
      0.21   0.800265   0.666975   0.727565
      0.22    0.79116   0.688915   0.736506
      0.23   0.781374   0.703074   0.740159
      0.24    0.76866   0.720442    0.74377
      0.25   0.759074   0.733784   0.746215
      0.26   0.745317   0.749467   0.747386
      0.27   0.736454   0.757087   0.746628
      0.28   0.721173   0.774269   0.746778
      0.29   0.713432   0.783422   0.746791
       0.3   0.698512        0.8   0.745819
      0.31   0.680263   0.810778   0.739809
      0.32    0.66795   0.816465   0.734778
      0.33    0.64926   0.830648   0.728838
      0.34   0.636787    0.83882   0.723973
      0.35   0.620142   0.850542   0.717294
      0.36   0.605543   0.860465    0.71084
      0.37   0.586893   0.874358    0.70235
      0.38   0.578149   0.883483   0.698924
      0.39   0.565997   0.895144   0.693497
       0.4   0.554446    0.90124   0.686534
      0.41   0.540769   0.911558   0.678831
      0.42    0.52224   0.919132   0.666042
      0.43   0.507961   0.929049   0.656809
      0.44   0.493523   0.942454   0.647813
      0.45   0.486143   0.950792   0.643343
      0.46   0.467132   0.958034   0.628037
      0.47    0.45165   0.961946   0.614692
      0.48   0.434926   0.968149   0.600214
      0.49   0.424778   0.969115   0.590661
       0.5   0.409658   0.973988    0.57674
      0.51   0.393896   0.977117   0.561457
      0.52   0.385273   0.980237   0.553139
      0.53   0.369671   0.984219   0.537469
      0.54   0.362812   0.984655   0.530247
      0.55   0.354711   0.985714    0.52169
      0.56    0.34328   0.987013   0.509394
      0.57   0.330807   0.986315   0.495443
      0.58   0.322224   0.985743   0.485685
      0.59   0.307865    0.98935     0.4696
       0.6   0.297397   0.988827   0.457267
      0.61   0.279589   0.989273   0.435966
      0.62   0.259536   0.988679   0.411143
      0.63    0.25368   0.988296   0.403729
      0.64   0.242931   0.991826   0.390272
      0.65   0.238038   0.993056   0.384024
      0.66   0.229254   0.997093   0.372795
      0.67   0.223359   0.998507   0.365057
      0.68   0.210243          1    0.34744
      0.69   0.204669          1   0.339792
       0.7   0.194962          1   0.326307
      0.71   0.188104          1   0.316646
      0.72   0.177636          1   0.301682
      0.73   0.165443          1   0.283915
      0.74   0.161192          1   0.277632
      0.75   0.155015          1   0.268421
      0.76   0.147275          1   0.256738
      0.77   0.138291          1   0.242979
      0.78    0.13071          1     0.2312
      0.79   0.119921          1    0.21416
       0.8   0.114146          1   0.204903
      0.81   0.102074          1   0.185239
      0.82  0.0930895          1   0.170324
      0.83  0.0860306          1   0.158431
      0.84  0.0788513          1   0.146176
      0.85  0.0720732          1   0.134456
      0.86  0.0510969          1  0.0972259
      0.87  0.0441583          1  0.0845817
      0.88  0.0366181          1  0.0706492
      0.89  0.0312838          1  0.0606697
       0.9  0.0277544          1  0.0540098
      0.91  0.0202944          1  0.0397814
      0.92  0.0161232          1  0.0317348
      0.93  0.0156018          1  0.0307243
      0.94  0.0150002          1   0.029557
      0.95  0.0102274          1  0.0202477
      0.96 0.00986644          1  0.0195401
      0.97 0.00733967          1  0.0145724
      0.98 0.00701881          1  0.0139398
      0.99  0.0064172          1  0.0127526
