         0          1   0.172013   0.293534
      0.01   0.967656   0.248841   0.395879
      0.02    0.96113    0.26885   0.420169
      0.03   0.954174   0.283042   0.436579
      0.04   0.929719   0.305142   0.459478
      0.05    0.91136   0.322595   0.476516
      0.06   0.899455   0.352475   0.506475
      0.07   0.882745   0.366671   0.518125
      0.08   0.857788   0.394269    0.54023
      0.09   0.841079   0.411681   0.552789
       0.1    0.81562   0.435702   0.567987
      0.11    0.79389   0.459588    0.58216
      0.12   0.778112   0.472672   0.588098
      0.13   0.748924    0.48993   0.592354
      0.14   0.729131        0.5   0.593208
      0.15   0.707114    0.51996   0.599265
      0.16   0.692915   0.529016   0.599973
      0.17   0.652682   0.540028   0.591035
      0.18   0.643287   0.549441   0.592672
      0.19   0.622131   0.565669   0.592558
       0.2   0.610298    0.57461   0.591917
      0.21   0.596457    0.59131   0.593873
      0.22   0.577094   0.604491   0.590475
      0.23   0.559022   0.608123    0.58254
      0.24   0.537292   0.611727   0.572099
      0.25   0.522519   0.614788    0.56491
      0.26   0.513698   0.620413   0.562035
      0.27   0.504518    0.62527   0.558441
      0.28   0.483577   0.629314   0.546903
      0.29    0.47784   0.631795   0.544137
       0.3   0.471242   0.639475   0.542618
      0.31   0.465146   0.644027   0.540162
      0.32   0.462349   0.652217   0.541111
      0.33   0.456756   0.659369   0.539672
      0.34   0.452524   0.661826   0.537519
      0.35   0.442986   0.663622   0.531309
      0.36   0.439185   0.662657   0.528259
      0.37   0.420826   0.657999   0.513342
      0.38   0.406985   0.652351   0.501252
      0.39   0.383104   0.643247   0.480207
       0.4   0.373566   0.640819   0.471987
      0.41   0.360585   0.644013   0.462317
      0.42    0.35033   0.639652   0.452714
      0.43   0.340863   0.634549   0.443494
      0.44    0.32566   0.629524   0.429259
      0.45   0.318847   0.625544   0.422394
      0.46   0.311747   0.621155   0.415142
      0.47   0.304719   0.616512   0.407852
      0.48   0.295826   0.612693   0.399002
      0.49   0.290161   0.609388   0.393131
       0.5   0.267857   0.595951   0.369595
      0.51    0.25502   0.588398   0.355822
      0.52   0.250072   0.582469   0.349915
      0.53   0.235083   0.568627   0.332644
      0.54   0.227983   0.561245   0.324252
      0.55   0.219593   0.547744   0.313501
      0.56   0.211991   0.536216   0.303854
      0.57   0.199656   0.526316   0.289493
      0.58   0.195998   0.525892   0.285567
      0.59   0.190404    0.52512   0.279474
       0.6   0.187464   0.520097   0.275593
      0.61   0.177352   0.510692   0.263275
      0.62   0.170037   0.508431   0.254845
      0.63   0.166667   0.512097   0.251485
      0.64   0.163296   0.518414   0.248361
      0.65   0.160141   0.515556   0.244374
      0.66   0.146801   0.511848   0.228164
      0.67   0.145295    0.50727    0.22589
      0.68   0.136905    0.49236   0.214239
      0.69   0.132028        0.5   0.208896
       0.7   0.121414   0.544513   0.198555
      0.71   0.116824   0.592857   0.195187
      0.72   0.114099   0.643243   0.193819
      0.73   0.105852   0.714744   0.184395
      0.74   0.102768   0.783688   0.181708
      0.75   0.100115      0.844   0.178997
      0.76  0.0973896   0.927602   0.176272
      0.77  0.0928715   0.935961   0.168976
      0.78  0.0915806   0.973684   0.167415
      0.79  0.0856999   0.993976   0.157795
       0.8  0.0791021   0.993197   0.146534
      0.81  0.0686317          1   0.128448
      0.82  0.0621773          1   0.117075
      0.83  0.0594521          1   0.112232
      0.84  0.0522088          1  0.0992366
      0.85  0.0436747          1  0.0836941
      0.86  0.0359294          1  0.0693666
      0.87  0.0346386          1  0.0669578
      0.88   0.032774          1  0.0634678
      0.89  0.0303356          1  0.0588849
       0.9  0.0262478          1   0.051153
      0.91   0.023953          1  0.0467853
      0.92   0.019148          1  0.0375765
      0.93  0.0141997          1  0.0280017
      0.94 0.00781698          1  0.0155127
      0.95 0.00631096          1  0.0125428
      0.96 0.00631096          1  0.0125428
      0.97 0.00566552          1  0.0112672
      0.98 0.00530694          1  0.0105579
      0.99 0.00329891          1 0.00657613
