         0          1   0.171113   0.292223
      0.01   0.930082    0.16513   0.280465
      0.02   0.921509   0.183075   0.305464
      0.03   0.912936   0.195746   0.322371
      0.04   0.903886   0.216681   0.349565
      0.05   0.880644   0.232963   0.368456
      0.06    0.85683    0.26409    0.40374
      0.07    0.84016   0.285903   0.426627
      0.08   0.821109   0.326441   0.467158
      0.09   0.794532   0.352678   0.488514
       0.1   0.768432   0.401141   0.527115
      0.11   0.725281   0.444142   0.550917
      0.12   0.702324   0.471442   0.564175
      0.13   0.686702   0.521693   0.592931
      0.14    0.67489   0.551434   0.606948
      0.15   0.652029   0.590968   0.619999
      0.16   0.631644   0.612123   0.621731
      0.17   0.608878   0.636711   0.622484
      0.18   0.596495   0.655524   0.624618
      0.19   0.573538     0.6783   0.621535
       0.2   0.557058   0.688182   0.615717
      0.21   0.523243   0.702689   0.599832
      0.22   0.497619   0.714286   0.586584
      0.23   0.475138   0.716279   0.571305
      0.24   0.456468   0.721503    0.55917
      0.25   0.448847   0.731286   0.556269
      0.26   0.435893   0.742045   0.549183
      0.27   0.426272   0.746132   0.542569
      0.28   0.408459   0.751688   0.529301
      0.29   0.392741   0.756906   0.517147
       0.3   0.374167   0.775042   0.504686
      0.31   0.352162   0.792315     0.4876
      0.32   0.341017   0.807953   0.479605
      0.33   0.324252   0.829653   0.466272
      0.34   0.314346   0.836645    0.45699
      0.35   0.294437   0.844706   0.436666
      0.36   0.286626    0.85468   0.429286
      0.37   0.269766   0.868594   0.411675
      0.38   0.260812    0.88764   0.403163
      0.39   0.248524    0.91358    0.39075
       0.4   0.235188   0.932231   0.375614
      0.41   0.228234   0.940559   0.367332
      0.42   0.220613   0.948052   0.357935
      0.43   0.215279   0.955598   0.351395
      0.44   0.201657   0.963203   0.333494
      0.45   0.194799   0.972414   0.324577
      0.46   0.183654   0.980149   0.309345
      0.47   0.176891   0.979058   0.299644
      0.48   0.166127   0.980447   0.284114
      0.49   0.153744    0.98209   0.265866
       0.5   0.145552   0.987302   0.253701
      0.51   0.138312          1   0.243013
      0.52   0.134502          1   0.237112
      0.53   0.129834          1   0.229829
      0.54   0.121166          1   0.216143
      0.55   0.114498          1    0.20547
      0.56    0.11326          1   0.203474
      0.57   0.102115          1   0.185307
      0.58  0.0999238          1   0.181692
      0.59  0.0975424          1   0.177747
       0.6  0.0952562          1   0.173943
      0.61  0.0928748          1   0.169964
      0.62  0.0893504          1   0.164043
      0.63  0.0854448          1   0.157437
      0.64  0.0821109          1   0.151761
      0.65  0.0810631          1   0.149969
      0.66  0.0781101          1   0.144902
      0.67   0.076205          1   0.141618
      0.68  0.0725853          1   0.135346
      0.69  0.0703944          1    0.13153
       0.7  0.0671556          1   0.125859
      0.71  0.0629644          1   0.118469
      0.72  0.0592494          1   0.111871
      0.73  0.0558202          1   0.105738
      0.74   0.052772          1   0.100253
      0.75  0.0480091          1  0.0916197
      0.76   0.045342          1  0.0867505
      0.77  0.0434368          1  0.0832573
      0.78  0.0377215          1  0.0727006
      0.79  0.0320061          1   0.062027
       0.8  0.0264812          1  0.0515961
      0.81  0.0194323          1  0.0381237
      0.82   0.018575          1  0.0364725
      0.83  0.0181939          1  0.0357377
      0.84  0.0163841          1  0.0322399
      0.85  0.0153363          1  0.0302092
      0.86  0.0147647          1  0.0290998
      0.87  0.0142884          1  0.0281743
      0.88  0.0122881          1  0.0242778
      0.89  0.0116213          1  0.0229755
       0.9 0.00619166          1  0.0123071
      0.91 0.00562012          1  0.0111774
      0.92 0.00562012          1  0.0111774
      0.93 0.00523909          1  0.0104236
      0.94 0.00523909          1  0.0104236
      0.95  0.0045723          1 0.00910298
      0.96 0.00409602          1 0.00815862
      0.97 0.00361974          1 0.00721336
      0.98 0.00361974          1 0.00721336
      0.99  0.0030482          1 0.00607787
