         0          1   0.391539   0.562742
      0.01    0.81024   0.472671   0.597044
      0.02   0.783361   0.475763    0.59199
      0.03   0.763317   0.485781   0.593716
      0.04   0.729044   0.497333   0.591299
      0.05   0.701815   0.501869   0.585236
      0.06    0.64953   0.507522   0.569812
      0.07   0.624369   0.517771   0.566095
      0.08   0.579584   0.527972   0.552575
      0.09    0.55635   0.534775   0.545349
       0.1    0.52842   0.550389   0.539181
      0.11   0.495865   0.567284   0.529176
      0.12   0.480376   0.577239   0.524371
      0.13   0.456476   0.591915   0.515447
      0.14   0.440286   0.604863   0.509617
      0.15   0.418699   0.627182   0.502162
      0.16   0.403035   0.637152   0.493747
      0.17   0.381553   0.655884   0.482448
      0.18   0.366625   0.673801   0.474867
      0.19   0.345914    0.69185   0.461224
       0.2   0.333754   0.705266   0.453091
      0.21   0.314936   0.726828   0.439455
      0.22   0.289564   0.745503   0.417115
      0.23   0.278525   0.755805   0.407048
      0.24   0.268188   0.779521   0.399076
      0.25   0.261354   0.789619   0.392722
      0.26   0.242991   0.812689   0.374122
      0.27   0.239172   0.824496   0.370785
      0.28   0.227817   0.830673   0.357569
      0.29   0.217655   0.840676   0.345785
       0.3   0.207492   0.849324   0.333508
      0.31   0.192984   0.859769   0.315215
      0.32   0.189515   0.872857   0.311415
      0.33   0.180088   0.885496   0.299305
      0.34   0.174061   0.893515   0.291363
      0.35    0.16933   0.907455   0.285404
      0.36   0.166071   0.911765   0.280966
      0.37   0.156504   0.921739   0.267576
      0.38   0.153245   0.925553   0.262953
      0.39   0.147603   0.935065    0.25496
       0.4   0.143363   0.947489   0.249043
      0.41   0.138036   0.954878   0.241204
      0.42   0.127944   0.962914   0.225875
      0.43    0.12465   0.963788   0.220749
      0.44   0.116975   0.965465   0.208668
      0.45   0.113401   0.968404   0.203027
      0.46   0.110492   0.971667   0.198421
      0.47   0.107198   0.977113     0.1932
      0.48   0.103168   0.975191   0.186595
      0.49  0.0979815   0.979757   0.178147
       0.5  0.0927951   0.982456   0.169574
      0.51  0.0871531   0.987981   0.160176
      0.52  0.0850505   0.992424   0.156674
      0.53  0.0787076          1   0.145929
      0.54  0.0750981          1   0.139705
      0.55  0.0659868          1   0.123804
      0.56  0.0632184          1   0.118919
      0.57  0.0599243          1   0.113073
      0.58  0.0541772          1   0.102786
      0.59  0.0495514          1   0.094424
       0.6  0.0478343          1  0.0913013
      0.61  0.0413513          1  0.0794185
      0.62  0.0388982          1  0.0748836
      0.63  0.0376717          1  0.0726082
      0.64  0.0366204          1  0.0706535
      0.65  0.0335015          1  0.0648311
      0.66  0.0317844          1  0.0616106
      0.67  0.0307682          1  0.0596995
      0.68  0.0295066          1  0.0573218
      0.69  0.0260022          1  0.0506865
       0.7   0.023409          1  0.0457472
      0.71  0.0198346          1  0.0388977
      0.72  0.0196594          1  0.0385607
      0.73  0.0193089          1  0.0378863
      0.74  0.0189235          1   0.037144
      0.75  0.0187482          1  0.0368064
      0.76  0.0186081          1  0.0365363
      0.77  0.0178371          1  0.0350491
      0.78  0.0163653          1  0.0322036
      0.79  0.0155943          1  0.0307098
       0.8  0.0152089          1   0.029962
      0.81  0.0142627          1  0.0281242
      0.82  0.0100575          1  0.0199147
      0.83 0.00984721          1  0.0195024
      0.84 0.00942669          1  0.0186773
      0.85 0.00942669          1  0.0186773
      0.86 0.00942669          1  0.0186773
      0.87 0.00928652          1  0.0184021
      0.88 0.00928652          1  0.0184021
      0.89 0.00928652          1  0.0184021
       0.9 0.00890104          1   0.017645
      0.91 0.00879591          1  0.0174384
      0.92 0.00879591          1  0.0174384
      0.93 0.00862069          1   0.017094
      0.94 0.00841043          1  0.0166806
      0.95 0.00837539          1  0.0166116
      0.96 0.00791982          1  0.0157152
      0.97 0.00746426          1  0.0148179
      0.98 0.00196243          1 0.00391718
      0.99 0.00178722          1 0.00356806
