         0          1   0.216663    0.35616
      0.01   0.995743   0.715689   0.832803
      0.02   0.994248    0.71583   0.832375
      0.03    0.99058   0.719504   0.833557
      0.04   0.980842   0.731024   0.837705
      0.05   0.964583   0.747104   0.842028
      0.06   0.927536   0.771323   0.842248
      0.07   0.907971   0.793691   0.846994
      0.08   0.888406   0.813451   0.849278
      0.09   0.879031   0.822019   0.849569
       0.1   0.855435   0.829308   0.842169
      0.11   0.832337    0.83953   0.835918
      0.12   0.821014    0.84633    0.83348
      0.13   0.804257   0.855775   0.829217
      0.14   0.799094   0.859644   0.828264
      0.15   0.777582    0.86528    0.81909
      0.16     0.7649   0.869094   0.813675
      0.17    0.74298   0.876106    0.80407
      0.18     0.7351   0.878609   0.800473
      0.19   0.723324   0.883554   0.795451
       0.2   0.712953   0.885913   0.790078
      0.21   0.692708   0.891354   0.779576
      0.22   0.674457   0.912323   0.775561
      0.23   0.662002   0.922245   0.770749
      0.24   0.646105   0.930233   0.762562
      0.25   0.632111   0.937998   0.755258
      0.26   0.622147   0.949908    0.75186
      0.27   0.608016   0.952045   0.742098
      0.28   0.593025     0.9547   0.731604
      0.29   0.579937   0.960242   0.723136
       0.3   0.564085    0.96729   0.712606
      0.31   0.548098   0.971475   0.700807
      0.32   0.541033   0.975234   0.695964
      0.33   0.526404   0.977503     0.6843
      0.34   0.522736   0.981154   0.682077
      0.35   0.513134   0.985849   0.674955
      0.36   0.501947   0.988492   0.665805
      0.37   0.487047   0.990683   0.653041
      0.38   0.479665   0.991741   0.646597
      0.39     0.4649    0.99343    0.63339
       0.4   0.460779   0.993316   0.629531
      0.41   0.450136   0.993108   0.619484
      0.42    0.43904   0.994265   0.609113
      0.43   0.431884   0.995569    0.60243
      0.44   0.415534   0.995395    0.58631
      0.45   0.408243   0.995287   0.578995
      0.46   0.398913   0.995114   0.569521
      0.47    0.38356   0.995798   0.553806
      0.48   0.369339   0.998247   0.539186
      0.49   0.359692   0.998195   0.528826
       0.5   0.341667   0.998111   0.509071
      0.51   0.330707   0.998039   0.496796
      0.52    0.32192   0.997965   0.486808
      0.53   0.312409   0.997875   0.475844
      0.54   0.304846    0.99778   0.467009
      0.55   0.290942   0.998818   0.450624
      0.56   0.280616   0.998775   0.438134
      0.57   0.259601          1   0.412196
      0.58   0.250589          1   0.400753
      0.59   0.241938          1   0.389614
       0.6   0.230027          1    0.37402
      0.61   0.219928          1   0.360558
      0.62   0.210236          1   0.347429
      0.63    0.20625          1   0.341969
      0.64   0.188995          1   0.317907
      0.65   0.180842          1   0.306294
      0.66   0.168388          1   0.288239
      0.67   0.156522          1   0.270677
      0.68   0.141893          1   0.248523
      0.69   0.134149          1   0.236563
       0.7   0.124909          1   0.222079
      0.71   0.109466          1    0.19733
      0.72   0.102899          1   0.186597
      0.73  0.0918025          1   0.168167
      0.74  0.0865942          1   0.159386
      0.75   0.082337          1   0.152147
      0.76  0.0778986          1   0.144538
      0.77  0.0712862          1   0.133085
      0.78  0.0657609          1   0.123406
      0.79  0.0587409          1   0.110964
       0.8  0.0575634          1    0.10886
      0.81  0.0533062          1   0.101217
      0.82  0.0498188          1  0.0949094
      0.83  0.0471014          1  0.0899654
      0.84  0.0436141          1  0.0835829
      0.85  0.0423007          1   0.081168
      0.86  0.0391757          1  0.0753977
      0.87   0.038904          1  0.0748943
      0.88  0.0308424          1  0.0598392
      0.89  0.0288949          1  0.0561669
       0.9  0.0230525          1  0.0450662
      0.91  0.0221014          1  0.0432471
      0.92  0.0204257          1  0.0400337
      0.93  0.0153986          1  0.0303301
      0.94  0.0149004          1  0.0293632
      0.95  0.0127264          1   0.025133
      0.96 0.00865036          1  0.0171524
      0.97 0.00611413          1   0.012154
      0.98 0.00588768          1  0.0117064
      0.99 0.00262681          1 0.00523986
