         0          1   0.205491   0.340925
      0.01   0.945921   0.299647   0.455122
      0.02   0.937089   0.320814   0.477988
      0.03   0.916674   0.339025   0.494983
      0.04   0.890009   0.377453   0.530094
      0.05   0.867011   0.402998   0.550239
      0.06   0.822431   0.453097   0.584293
      0.07   0.802266    0.48929   0.607858
      0.08   0.753687   0.543782   0.631755
      0.09   0.722356   0.583603   0.645609
       0.1   0.666194   0.625846    0.64539
      0.11   0.603616   0.693163   0.645298
      0.12   0.576369   0.737991   0.647243
      0.13   0.525623   0.797821    0.63373
      0.14   0.491542   0.826949   0.616584
      0.15   0.446046   0.875102   0.590904
      0.16   0.427214   0.920561   0.583594
      0.17   0.383051   0.973533   0.549782
      0.18    0.35922   0.984733   0.526411
      0.19    0.32114   0.989676   0.484926
       0.2   0.303975   0.988746   0.464994
      0.21   0.278643    0.99031   0.434915
      0.22   0.236564   0.995327   0.382271
      0.23   0.216565   0.997396   0.355862
      0.24   0.192567    0.99696   0.322787
      0.25   0.176152   0.996466    0.29938
      0.26   0.140655   0.995434   0.246482
      0.27   0.125073          1   0.222337
      0.28   0.108408          1    0.19561
      0.29  0.0901592          1   0.165405
       0.3  0.0685776          1   0.128353
      0.31  0.0552454          1   0.104706
      0.32  0.0505791          1  0.0962881
      0.33  0.0399133          1  0.0767628
      0.34  0.0332472          1  0.0643548
      0.35  0.0287476          1  0.0558885
      0.36  0.0284143          1  0.0552585
      0.37   0.028081          1   0.054628
      0.38   0.028081          1   0.054628
      0.39  0.0252479          1  0.0492523
       0.4   0.024498          1  0.0478243
      0.41   0.024498          1  0.0478243
      0.42   0.024498          1  0.0478243
      0.43   0.024498          1  0.0478243
      0.44  0.0229148          1  0.0448029
      0.45  0.0229148          1  0.0448029
      0.46  0.0223315          1  0.0436873
      0.47  0.0223315          1  0.0436873
      0.48  0.0219982          1  0.0430493
      0.49  0.0219982          1  0.0430493
       0.5  0.0219982          1  0.0430493
      0.51  0.0204983          1  0.0401731
      0.52  0.0199983          1  0.0392125
      0.53  0.0199983          1  0.0392125
      0.54  0.0187484          1  0.0368068
      0.55  0.0177485          1   0.034878
      0.56  0.0177485          1   0.034878
      0.57  0.0166653          1  0.0327842
      0.58  0.0166653          1  0.0327842
      0.59  0.0164153          1  0.0323004
       0.6   0.016082          1  0.0316549
      0.61  0.0157487          1   0.031009
      0.62  0.0147488          1  0.0290688
      0.63  0.0143321          1  0.0282593
      0.64  0.0143321          1  0.0282593
      0.65  0.0143321          1  0.0282593
      0.66  0.0143321          1  0.0282593
      0.67  0.0143321          1  0.0282593
      0.68  0.0128323          1  0.0253394
      0.69  0.0123323          1  0.0243641
       0.7  0.0119157          1  0.0235507
      0.71  0.0119157          1  0.0235507
      0.72  0.0113324          1  0.0224108
      0.73  0.0113324          1  0.0224108
      0.74  0.0104158          1  0.0206169
      0.75 0.00716607          1  0.0142302
      0.76 0.00716607          1  0.0142302
      0.77 0.00691609          1  0.0137372
      0.78 0.00691609          1  0.0137372
      0.79 0.00691609          1  0.0137372
       0.8 0.00666611          1  0.0132439
      0.81 0.00666611          1  0.0132439
      0.82 0.00666611          1  0.0132439
      0.83 0.00633281          1  0.0125859
      0.84 0.00633281          1  0.0125859
      0.85 0.00633281          1  0.0125859
      0.86 0.00633281          1  0.0125859
      0.87 0.00583285          1   0.011598
      0.88 0.00583285          1   0.011598
      0.89 0.00583285          1   0.011598
       0.9 0.00583285          1   0.011598
      0.91 0.00533289          1  0.0106092
      0.92 0.00533289          1  0.0106092
      0.93 0.00533289          1  0.0106092
      0.94 0.00508291          1  0.0101144
      0.95 0.00449963          1 0.00895894
      0.96 0.00449963          1 0.00895894
      0.97 0.00449963          1 0.00895894
      0.98 0.00374969          1 0.00747136
      0.99 0.00333306          1 0.00664397
