         0          1   0.214804   0.353644
      0.01   0.916026   0.559582   0.694753
      0.02     0.8796   0.598632   0.712414
      0.03   0.854445   0.621923   0.719874
      0.04   0.793163   0.650308   0.714667
      0.05   0.750914   0.671884   0.709204
      0.06   0.706128   0.715572   0.710819
      0.07   0.680824   0.731813   0.705398
      0.08   0.644846   0.744546   0.691119
      0.09   0.625662   0.752852   0.683389
       0.1   0.590655   0.761442   0.665262
      0.11   0.562365   0.772431   0.650868
      0.12   0.539972   0.778481   0.637653
      0.13   0.512577   0.790109    0.62178
      0.14   0.495111   0.791743   0.609239
      0.15   0.460327   0.796161   0.583363
      0.16   0.443159   0.792264   0.568386
      0.17   0.392849   0.788368   0.524391
      0.18   0.375233   0.788114   0.508406
      0.19   0.345152   0.784425   0.479376
       0.2   0.329775   0.787488   0.464875
      0.21   0.312383   0.796518   0.448767
      0.22   0.295066   0.814947   0.433262
      0.23   0.276256   0.822722   0.413624
      0.24   0.264313   0.849185   0.403145
      0.25   0.250429   0.864035   0.388311
      0.26   0.235799   0.880992   0.372025
      0.27    0.22714   0.883392   0.361365
      0.28   0.206464   0.881323   0.334554
      0.29   0.201538   0.879098   0.327902
       0.3   0.191834   0.887168   0.315456
      0.31   0.181309    0.90625   0.302166
      0.32   0.174069   0.916456   0.292568
      0.33   0.160484   0.933518   0.273883
      0.34   0.157423   0.936232   0.269527
      0.35    0.14981   0.945687   0.258646
      0.36    0.13921   0.950495   0.242852
      0.37   0.133537   0.968421    0.23471
      0.38   0.129954   0.974359   0.229323
      0.39   0.122266   0.975904   0.217307
       0.4   0.116145   0.978992   0.207655
      0.41   0.109427   0.982222   0.196917
      0.42   0.107561   0.986047   0.193964
      0.43   0.106367   0.985849   0.192017
      0.44   0.101665   0.984694   0.184301
      0.45  0.0957677   0.984293   0.174552
      0.46  0.0945734   0.989189   0.172641
      0.47  0.0930805   0.989011   0.170148
      0.48  0.0900202   0.988166   0.165008
      0.49  0.0896469    0.98773   0.164375
       0.5   0.086288   0.993464   0.158785
      0.51  0.0803165   0.992908   0.148612
      0.52   0.078525          1   0.145616
      0.53  0.0700903          1   0.130999
      0.54  0.0652385          1   0.122486
      0.55  0.0621781          1   0.117077
      0.56  0.0604613          1   0.114028
      0.57  0.0580727          1   0.109771
      0.58  0.0563559          1   0.106699
      0.59   0.048593          1  0.0926822
       0.6  0.0476972          1  0.0910516
      0.61  0.0465029          1   0.088873
      0.62  0.0451594          1  0.0864162
      0.63  0.0426215          1  0.0817583
      0.64  0.0414272          1  0.0795585
      0.65  0.0405315          1  0.0779053
      0.66  0.0382922          1  0.0737599
      0.67  0.0376204          1  0.0725128
      0.68  0.0359036          1  0.0693183
      0.69  0.0352318          1  0.0680655
       0.7  0.0292603          1  0.0568569
      0.71  0.0238113          1   0.046515
      0.72  0.0190341          1  0.0373572
      0.73  0.0169441          1  0.0333235
      0.74  0.0155259          1   0.030577
      0.75  0.0116444          1  0.0230207
      0.76  0.0116444          1  0.0230207
      0.77  0.0110472          1  0.0218531
      0.78  0.0110472          1  0.0218531
      0.79  0.0110472          1  0.0218531
       0.8  0.0110472          1  0.0218531
      0.81  0.0099276          1    0.01966
      0.82 0.00940509          1  0.0186349
      0.83 0.00940509          1  0.0186349
      0.84 0.00940509          1  0.0186349
      0.85 0.00940509          1  0.0186349
      0.86 0.00880794          1  0.0174621
      0.87 0.00880794          1  0.0174621
      0.88 0.00783758          1  0.0155533
      0.89 0.00716578          1  0.0142296
       0.9 0.00716578          1  0.0142296
      0.91 0.00716578          1  0.0142296
      0.92 0.00649399          1  0.0129042
      0.93 0.00574756          1  0.0114294
      0.94 0.00574756          1  0.0114294
      0.95 0.00574756          1  0.0114294
      0.96 0.00574756          1  0.0114294
      0.97 0.00529969          1  0.0105435
      0.98 0.00529969          1  0.0105435
      0.99 0.00529969          1  0.0105435
