         0          1   0.406617   0.578148
      0.01   0.840217   0.629331   0.719643
      0.02   0.833717   0.628241   0.716539
      0.03   0.828207   0.629547   0.715341
      0.04   0.816196   0.630493   0.711426
      0.05   0.802521   0.630995   0.706496
      0.06   0.781235   0.631387   0.698363
      0.07   0.761099   0.633068   0.691205
      0.08   0.737236   0.640159   0.685277
      0.09   0.714365   0.642779   0.676684
       0.1   0.686777   0.645997   0.665763
      0.11   0.664103   0.650552   0.657258
      0.12   0.649397   0.652727   0.651058
      0.13   0.620501    0.65782   0.638616
      0.14   0.605201   0.660377   0.631586
      0.15   0.585778   0.667368   0.623917
      0.16   0.571984   0.673267   0.618506
      0.17   0.548518   0.679688   0.607098
      0.18   0.535794   0.684971   0.601267
      0.19    0.51209   0.690921   0.588213
       0.2   0.497305    0.69485    0.57971
      0.21   0.473839   0.699829   0.565076
      0.22   0.451879   0.707532   0.551519
      0.23   0.437728   0.710598   0.541743
      0.24   0.419534   0.717128   0.529374
      0.25   0.408514    0.72109   0.521556
      0.26   0.391192   0.727734   0.508852
      0.27   0.377993   0.732736   0.498716
      0.28   0.366458   0.739193   0.489997
      0.29   0.358887   0.744689   0.484351
       0.3   0.344023   0.750199   0.471724
      0.31   0.331893   0.748331   0.459841
      0.32   0.321389   0.751745   0.450275
      0.33   0.306564    0.75357   0.435827
      0.34   0.293642    0.75619   0.423018
      0.35   0.282622   0.760464   0.412093
      0.36   0.277152   0.765913   0.407021
      0.37   0.260663   0.772702   0.389823
      0.38   0.249445   0.775029   0.377417
      0.39   0.242231   0.787633   0.370513
       0.4   0.233074   0.797518   0.360727
      0.41   0.223165   0.805575   0.349507
      0.42   0.215435   0.815007   0.340788
      0.43   0.210203   0.817054    0.33438
      0.44   0.203147   0.825083   0.326023
      0.45   0.196131   0.828767   0.317197
      0.46   0.188441   0.840074   0.307831
      0.47   0.180316   0.848276   0.297411
      0.48   0.170247   0.855923   0.284005
      0.49   0.160536   0.861678   0.270648
       0.5   0.147614    0.87205   0.252488
      0.51   0.139091   0.890095   0.240587
      0.52   0.132591   0.906609   0.231347
      0.53    0.12498    0.91172   0.219826
      0.54   0.121571   0.915739   0.214647
      0.55   0.113881   0.915141   0.202556
      0.56   0.110948   0.922261   0.198069
      0.57   0.104606    0.92467    0.18795
      0.58   0.103139    0.92233   0.185532
      0.59  0.0944585   0.925311   0.171418
       0.6  0.0937054   0.927039   0.170206
      0.61  0.0913667   0.923434   0.166281
      0.62  0.0864912   0.924623   0.158185
      0.63  0.0818535   0.919786   0.150329
      0.64  0.0781275   0.928571   0.144128
      0.65  0.0769383   0.932153   0.142144
      0.66  0.0732916   0.931464   0.135891
      0.67  0.0711115   0.937908     0.1322
      0.68  0.0679007   0.942857   0.126679
      0.69  0.0649675   0.945525   0.121581
       0.7   0.057238   0.955752   0.108008
      0.71  0.0540669   0.966019   0.102402
      0.72  0.0503805   0.973404  0.0958026
      0.73  0.0438005   0.970414  0.0838179
      0.74  0.0401538   0.974684  0.0771301
      0.75  0.0352783   0.986755  0.0681211
      0.76  0.0330981   0.992908  0.0640608
      0.77  0.0316315          1  0.0613233
      0.78  0.0315522          1  0.0611743
      0.79  0.0303235          1   0.058862
       0.8  0.0292928          1  0.0569184
      0.81  0.0257254          1  0.0501604
      0.82  0.0229111          1  0.0447958
      0.83  0.0220786          1  0.0432034
      0.84   0.019185          1  0.0376478
      0.85  0.0188679          1   0.037037
      0.86  0.0179562          1   0.035279
      0.87  0.0168464          1  0.0331345
      0.88  0.0156572          1  0.0308317
      0.89  0.0134771          1  0.0265957
       0.9  0.0121294          1   0.023968
      0.91  0.0105835          1  0.0209453
      0.92  0.0104646          1  0.0207124
      0.93 0.00840336          1  0.0166667
      0.94 0.00788806          1  0.0156527
      0.95  0.0068971          1  0.0136997
      0.96  0.0068971          1  0.0136997
      0.97 0.00475662          1  0.0094682
      0.98  0.0038053          1 0.00758174
      0.99 0.00277469          1 0.00553403
