         0          1   0.364376   0.534128
      0.01   0.900803   0.438531    0.58989
      0.02    0.89065   0.448424   0.596515
      0.03    0.87713   0.453065   0.597502
      0.04   0.857653   0.463903    0.60212
      0.05   0.833877   0.470056    0.60121
      0.06   0.801554   0.476283    0.59752
      0.07   0.780161   0.486075   0.598967
      0.08   0.750686   0.501088   0.601003
      0.09   0.723854   0.510122   0.598478
       0.1   0.688578   0.522802   0.594347
      0.11   0.648899   0.537061   0.587707
      0.12   0.618596   0.544784   0.579349
      0.13   0.584719   0.557669   0.570874
      0.14   0.554312   0.563713   0.558973
      0.15   0.523336   0.573018   0.547051
      0.16   0.506915   0.581668   0.541725
      0.17   0.472468   0.591746   0.525423
      0.18   0.454338   0.603182   0.518285
      0.19   0.420927   0.618375   0.500895
       0.2   0.397669   0.629089   0.487299
      0.21    0.37726    0.64237    0.47535
      0.22   0.351515   0.659098     0.4585
      0.23   0.335872   0.668417   0.447087
      0.24   0.316188   0.686064   0.432875
      0.25   0.303652   0.696745   0.422968
      0.26   0.284641   0.719579   0.407922
      0.27   0.268169    0.73557   0.393044
      0.28   0.247449   0.752973   0.372487
      0.29   0.235276   0.758719   0.359173
       0.3   0.227506   0.775385   0.351792
      0.31   0.221497   0.794855   0.346451
      0.32    0.21036   0.803062   0.333389
      0.33   0.205594   0.817037   0.328522
      0.34   0.200466   0.832428   0.323119
      0.35   0.193784     0.8492   0.315559
      0.36    0.18819   0.858782   0.308726
      0.37   0.181922   0.873346   0.301119
      0.38   0.177208   0.887776   0.295443
      0.39    0.16317   0.891862   0.275869
       0.4   0.152914   0.894799   0.261192
      0.41   0.147941   0.900773   0.254142
      0.42   0.140896   0.906516   0.243886
      0.43   0.135509    0.90937    0.23587
      0.44   0.121937   0.916667   0.215243
      0.45   0.114478   0.916045   0.203522
      0.46   0.104015      0.925   0.187001
      0.47  0.0997669   0.927107   0.180148
      0.48  0.0840197   0.931579   0.154138
      0.49  0.0783735   0.933333   0.144604
       0.5  0.0726755   0.930514   0.134821
      0.51  0.0671847   0.939799   0.125404
      0.52  0.0639213   0.944251   0.119737
      0.53  0.0608651   0.942085   0.114343
      0.54  0.0584823    0.94332   0.110136
      0.55  0.0546491   0.945701   0.103327
      0.56  0.0519037   0.944444  0.0983996
      0.57  0.0454804   0.943182  0.0867765
      0.58  0.0424242   0.949045  0.0812179
      0.59  0.0354312   0.957447  0.0683337
       0.6  0.0308728    0.95082  0.0598038
      0.61  0.0251748   0.952381   0.049053
      0.62  0.0236726    0.94898  0.0461929
      0.63  0.0227402   0.966292  0.0444347
      0.64  0.0218596    0.97561  0.0427611
      0.65    0.02072          1  0.0405988
      0.66  0.0178192          1  0.0350145
      0.67  0.0168868          1  0.0332128
      0.68  0.0153846          1   0.030303
      0.69  0.0144522          1  0.0284926
       0.7 0.00984201          1  0.0194922
      0.71 0.00927221          1  0.0183741
      0.72 0.00927221          1  0.0183741
      0.73 0.00911681          1  0.0180689
      0.74 0.00854701          1  0.0169492
      0.75 0.00854701          1  0.0169492
      0.76 0.00854701          1  0.0169492
      0.77 0.00808081          1  0.0160321
      0.78 0.00787361          1  0.0156242
      0.79 0.00751101          1    0.01491
       0.8 0.00751101          1    0.01491
      0.81 0.00725201          1  0.0143996
      0.82 0.00694121          1  0.0137867
      0.83 0.00554261          1  0.0110241
      0.84  0.0048174          1 0.00958862
      0.85  0.0022274          1  0.0044449
      0.86  0.0022274          1  0.0044449
      0.87  0.0019684          1 0.00392907
      0.88  0.0019684          1 0.00392907
      0.89  0.0017612          1 0.00351621
       0.9 0.000518001          1 0.00103546
      0.91 0.000518001          1 0.00103546
      0.92 0.000518001          1 0.00103546
      0.93 0.000518001          1 0.00103546
      0.94 0.000518001          1 0.00103546
      0.95 0.000518001          1 0.00103546
      0.96 0.000518001          1 0.00103546
      0.97 0.000518001          1 0.00103546
      0.98  0.0004144          1 0.000828458
      0.99  0.0004144          1 0.000828458
