         0          1   0.374026   0.544424
      0.01   0.739558   0.368239   0.491668
      0.02   0.739022   0.382284   0.503905
      0.03   0.736162   0.389846   0.509747
      0.04   0.721981   0.400796   0.515449
      0.05   0.711136    0.40949   0.519715
      0.06   0.697789   0.421491   0.525538
      0.07   0.680331   0.430782   0.527533
      0.08   0.651612   0.444466   0.528465
      0.09   0.631651   0.456081   0.529697
       0.1   0.604421    0.47512   0.532027
      0.11   0.574093   0.494005   0.531047
      0.12   0.554728   0.506647   0.529598
      0.13   0.535423   0.527349   0.531355
      0.14   0.518441   0.543222   0.530542
      0.15   0.497825   0.566197   0.529814
      0.16   0.487875   0.586435   0.532634
      0.17   0.464935   0.611797    0.52835
      0.18   0.450635   0.628482   0.524903
      0.19   0.428946   0.652947   0.517757
       0.2   0.416076   0.669511   0.513211
      0.21   0.398022   0.694154   0.505941
      0.22   0.383781   0.718932   0.500425
      0.23   0.373652   0.732258   0.494814
      0.24   0.351367   0.747342      0.478
      0.25   0.341655    0.76153    0.47169
      0.26   0.326402   0.781301   0.460445
      0.27   0.311744   0.790031   0.447074
      0.28   0.292737   0.811275   0.430231
      0.29   0.280522   0.823653   0.418507
       0.3   0.263123   0.846424    0.40145
      0.31   0.231127   0.860835   0.364412
      0.32   0.218614   0.874732   0.349805
      0.33   0.200679   0.889857   0.327501
      0.34   0.191146   0.896552    0.31511
      0.35   0.178454   0.903493   0.298041
      0.36   0.169755    0.90691    0.28598
      0.37    0.15909   0.914784   0.271042
      0.38   0.154084     0.9197   0.263948
      0.39   0.139069   0.927655   0.241878
       0.4   0.134183   0.927518   0.234449
      0.41   0.129238    0.93883     0.2272
      0.42   0.122862   0.936963   0.217239
      0.43    0.11887    0.93465   0.210916
      0.44   0.109754   0.937605   0.196505
      0.45    0.10463   0.942857   0.188357
      0.46  0.0984329   0.947776   0.178344
      0.47  0.0947387     0.9499   0.172294
      0.48  0.0886611   0.953684   0.162239
      0.49  0.0872907   0.958963   0.160016
       0.5  0.0858607   0.959641   0.157619
      0.51   0.083954   0.965035    0.15447
      0.52  0.0833582   0.969267   0.153514
      0.53  0.0805577   0.972906   0.148795
      0.54  0.0799619   0.972431   0.147773
      0.55  0.0781743   0.976804   0.144763
      0.56  0.0766847   0.978947   0.142228
      0.57  0.0762081   0.983784   0.141458
      0.58  0.0751951   0.983471   0.139708
      0.59  0.0725734   0.988669   0.135221
       0.6  0.0708455   0.994236   0.132266
      0.61  0.0700709   0.994118   0.130914
      0.62  0.0685217   0.996988    0.12823
      0.63  0.0676875   0.996855   0.126767
      0.64  0.0670917   0.996721   0.125721
      0.65  0.0661384   0.996599   0.124045
      0.66  0.0645892          1   0.121341
      0.67  0.0640529          1   0.120394
      0.68  0.0623846          1   0.117443
      0.69  0.0602991          1    0.11374
       0.7  0.0573795          1   0.108532
      0.71  0.0551749          1    0.10458
      0.72  0.0519573          1  0.0987822
      0.73  0.0465352          1  0.0889319
      0.74  0.0441518          1  0.0845697
      0.75  0.0386701          1  0.0744608
      0.76  0.0376572          1  0.0725811
      0.77   0.035095          1  0.0678103
      0.78  0.0344396          1   0.066586
      0.79  0.0334863          1  0.0648025
       0.8  0.0323542          1  0.0626804
      0.81  0.0314008          1  0.0608897
      0.82  0.0299112          1   0.058085
      0.83  0.0293154          1  0.0569609
      0.84  0.0271704          1  0.0529033
      0.85  0.0268724          1  0.0523384
      0.86  0.0256807          1  0.0500755
      0.87  0.0250253          1  0.0488287
      0.88  0.0198415          1   0.038911
      0.89  0.0188882          1   0.037076
       0.9  0.0131085          1  0.0258778
      0.91  0.0114401          1  0.0226215
      0.92   0.010308          1  0.0204058
      0.93 0.00959304          1  0.0190038
      0.94 0.00810344          1  0.0160766
      0.95   0.006733          1  0.0133759
      0.96 0.00655425          1  0.0130231
      0.97  0.0052434          1  0.0104321
      0.98 0.00333671          1 0.00665123
      0.99 0.00256212          1 0.00511114
