         0          1   0.176767   0.300428
      0.01   0.951006   0.284227   0.437652
      0.02   0.911829   0.293203   0.443724
      0.03   0.909107   0.305617   0.457451
      0.04   0.902191   0.322443   0.475089
      0.05   0.894516   0.334882   0.487324
      0.06   0.868725    0.35045   0.499427
      0.07   0.855607   0.362636   0.509379
      0.08    0.84231    0.38148    0.52513
      0.09   0.838428   0.396609   0.538491
       0.1   0.830664   0.421342   0.559093
      0.11   0.813841   0.438164    0.56964
      0.12    0.78515   0.448668   0.571027
      0.13   0.771273   0.461908   0.577786
      0.14   0.760073   0.471269   0.581802
      0.15   0.752488   0.493034   0.595738
      0.16   0.748606   0.508792    0.60583
      0.17   0.734104    0.52917   0.615014
      0.18   0.729329   0.547475   0.625451
      0.19    0.72277   0.571736   0.638442
       0.2   0.716255   0.585127   0.644085
      0.21   0.708268   0.607027   0.653751
      0.22   0.696087   0.629526   0.661135
      0.23   0.691714   0.641248   0.665526
      0.24   0.684084   0.658232   0.670909
      0.25   0.680336   0.671304    0.67579
      0.26   0.669805    0.69011   0.679806
      0.27   0.662576   0.704537   0.682913
      0.28   0.648833   0.717236   0.681322
      0.29   0.644639   0.726011   0.682909
       0.3   0.636027   0.735307   0.682073
      0.31   0.618312   0.751325    0.67836
      0.32   0.612913   0.758933   0.678152
      0.33   0.604212    0.77386   0.678594
      0.34   0.601223   0.784578   0.680771
      0.35   0.589844   0.797101   0.677987
      0.36   0.587747    0.81369   0.682505
      0.37   0.579314      0.825   0.680665
      0.38   0.576993   0.832606   0.681624
      0.39   0.560305   0.844483    0.67365
       0.4    0.55031   0.853586   0.669191
      0.41   0.539244   0.866294   0.664719
      0.42    0.52269   0.873129   0.653918
      0.43   0.510062    0.87836   0.645363
      0.44   0.490473   0.881895   0.630364
      0.45   0.482129   0.882994   0.623705
      0.46   0.466735   0.891954   0.612806
      0.47   0.453349   0.899366   0.602827
      0.48   0.427022    0.90488   0.580229
      0.49   0.418366   0.914948   0.574183
       0.5   0.406675   0.923423    0.56467
      0.51    0.39793   0.929644   0.557307
      0.52   0.393289   0.934109   0.553526
      0.53   0.386596   0.943262   0.548421
      0.54   0.384454   0.945641   0.546661
      0.55   0.372585    0.94899   0.535088
      0.56   0.369863   0.954741   0.533176
      0.57   0.364241   0.964484   0.528784
      0.58   0.363393   0.967489   0.528339
      0.59   0.358395   0.971231   0.523583
       0.6   0.349114   0.974178    0.51402
      0.61   0.342555   0.979444   0.507585
      0.62   0.332515   0.978908    0.49641
      0.63   0.327518   0.984635   0.491536
      0.64   0.313774   0.990679   0.476598
      0.65   0.304359   0.993094   0.465924
      0.66   0.294543   0.994334   0.454464
      0.67   0.293517   0.997126   0.453531
      0.68   0.282004          1   0.439943
      0.69   0.281781          1   0.439671
       0.7   0.274999          1   0.431371
      0.71   0.265718          1   0.419869
      0.72   0.263353          1   0.416911
      0.73   0.252822          1   0.403604
      0.74   0.251305          1   0.401669
      0.75   0.247111          1   0.396293
      0.76    0.24546          1   0.394167
      0.77   0.241667          1   0.389262
      0.78   0.234795          1   0.380298
      0.79   0.230199          1   0.374247
       0.8   0.222837          1   0.364459
      0.81   0.219535          1   0.360031
      0.82   0.214181          1   0.352799
      0.83   0.208023          1   0.344402
      0.84   0.200839          1   0.334498
      0.85   0.196778          1   0.328847
      0.86    0.17893          1   0.303546
      0.87   0.168042          1   0.287734
      0.88   0.151756          1   0.263521
      0.89   0.136362          1   0.239997
       0.9   0.122261          1   0.217884
      0.91   0.113828          1   0.204391
      0.92   0.103788          1   0.188058
      0.93  0.0875017          1   0.160922
      0.94  0.0773281          1   0.143555
      0.95  0.0617554          1   0.116327
      0.96  0.0485476          1  0.0925997
      0.97  0.0179376          1  0.0352431
      0.98 0.00705011          1  0.0140015
      0.99 0.00356968          1 0.00711396
