         0          1   0.361785    0.53134
      0.01    0.93063   0.429307   0.587565
      0.02   0.912882   0.445928   0.599171
      0.03   0.891329   0.453714   0.601331
      0.04   0.849657   0.470392   0.605541
      0.05   0.820742   0.482373   0.607627
      0.06    0.76257   0.497776   0.602357
      0.07   0.735246    0.51276   0.604172
      0.08    0.68141   0.533006    0.59814
      0.09   0.651903   0.554134   0.599055
       0.1   0.611853   0.586079   0.598689
      0.11   0.581909    0.61853   0.599661
      0.12   0.552651   0.637365   0.591993
      0.13   0.521865   0.665511   0.584999
      0.14   0.503649   0.687828   0.581503
      0.15    0.47408   0.715924   0.570427
      0.16    0.45733   0.734057   0.563556
      0.17   0.431379   0.751923   0.548235
      0.18   0.416438   0.766585   0.539694
      0.19   0.399127   0.792854   0.530964
       0.2   0.383125   0.802392    0.51862
      0.21    0.36151   0.817852   0.501392
      0.22    0.34423    0.84375   0.488971
      0.23    0.33612   0.858088   0.483032
      0.24   0.320898    0.87074   0.468966
      0.25   0.312664   0.878644   0.461208
      0.26   0.295976   0.888889   0.444084
      0.27   0.288272   0.896579   0.436272
      0.28   0.273269   0.915612   0.420914
      0.29   0.263537   0.934105   0.411093
       0.3   0.248409   0.957926   0.394513
      0.31   0.241641   0.980063   0.387693
      0.32   0.234279   0.982609    0.37835
      0.33   0.224111   0.986063   0.365216
      0.34   0.216968   0.987981     0.3558
      0.35   0.207455   0.988636   0.342946
      0.36   0.203837   0.989651   0.338046
      0.37   0.196163   0.990476   0.327471
      0.38   0.185901   0.991441   0.313095
      0.39   0.178197   0.990977   0.302075
       0.4   0.173082   0.990625   0.294677
      0.41   0.169963   0.990244   0.290128
      0.42   0.162664   0.989779   0.279409
      0.43   0.159233   0.989492   0.274321
      0.44   0.151029   0.988889   0.262038
      0.45   0.147349    0.98855   0.256469
      0.46    0.13952   0.989858   0.244568
      0.47   0.136494   0.991561   0.239957
      0.48   0.131691   0.991071   0.232489
      0.49   0.127636   0.990676   0.226137
       0.5   0.122021   0.990244    0.21727
      0.51   0.119214   0.989583   0.212793
      0.52   0.116407   0.989189   0.208301
      0.53   0.107424   0.988095    0.19378
      0.54    0.10393   0.987842   0.188073
      0.55   0.100187   0.987302   0.181914
      0.56  0.0984716   0.986971   0.179076
      0.57  0.0911728   0.996528   0.167061
      0.58  0.0895508   0.996416   0.164333
      0.59  0.0844354          1   0.155722
       0.6  0.0820025          1   0.151575
      0.61  0.0815658          1   0.150829
      0.62  0.0801934          1    0.14848
      0.63  0.0792888          1   0.146928
      0.64  0.0766064          1   0.142311
      0.65  0.0756706          1   0.140695
      0.66  0.0738615          1   0.137562
      0.67  0.0728322          1   0.135776
      0.68  0.0673425          1   0.126187
      0.69  0.0632564          1   0.118986
       0.7  0.0612289          1   0.115393
      0.71  0.0572052          1    0.10822
      0.72  0.0542109          1   0.102846
      0.73   0.051622          1  0.0981759
      0.74  0.0493762          1  0.0941058
      0.75  0.0471928          1   0.090132
      0.76  0.0417966          1  0.0802395
      0.77  0.0360886          1  0.0696631
      0.78  0.0338428          1  0.0654699
      0.79  0.0313163          1  0.0607307
       0.8  0.0278228          1  0.0541394
      0.81  0.0241734          1  0.0472057
      0.82   0.022957          1  0.0448835
      0.83  0.0200873          1  0.0393836
      0.84  0.0174984          1   0.034395
      0.85  0.0140362          1  0.0276838
      0.86 0.00960699          1  0.0190311
      0.87 0.00935745          1  0.0185414
      0.88 0.00870243          1  0.0172547
      0.89 0.00820337          1  0.0162732
       0.9 0.00630069          1  0.0125225
      0.91 0.00598877          1  0.0119062
      0.92 0.00598877          1  0.0119062
      0.93 0.00524017          1  0.0104257
      0.94 0.00524017          1  0.0104257
      0.95 0.00495945          1 0.00986995
      0.96  0.0036806          1  0.0073342
      0.97 0.00346226          1 0.00690062
      0.98 0.00286962          1 0.00572282
      0.99 0.00196507          1 0.00392242
