         0          1   0.298178   0.459379
      0.01   0.903792    0.36863    0.52367
      0.02   0.892177   0.386684   0.539528
      0.03   0.873508   0.401317   0.549964
      0.04   0.848157   0.424266   0.565605
      0.05   0.824556   0.440403   0.574148
      0.06   0.788809   0.468031   0.587485
      0.07   0.760753   0.486845   0.593731
      0.08   0.731212   0.509821   0.600769
      0.09   0.719067   0.526246   0.607729
       0.1   0.689578   0.545922   0.609398
      0.11   0.653036   0.568867   0.608053
      0.12    0.63755   0.580567   0.607725
      0.13   0.610289   0.598782   0.604481
      0.14   0.589021   0.606495   0.597631
      0.15   0.561496   0.623155   0.590721
      0.16   0.544683   0.635772   0.586713
      0.17   0.521665   0.654321   0.580511
      0.18   0.501724   0.664176   0.571632
      0.19   0.487298   0.686556   0.570015
       0.2    0.47266   0.701512   0.564784
      0.21    0.44471   0.716438   0.548779
      0.22   0.423654   0.734592   0.537386
      0.23   0.412517   0.747666   0.531683
      0.24   0.387271   0.765323   0.514297
      0.25   0.370936   0.775233   0.501779
      0.26   0.340652   0.787687   0.475615
      0.27   0.326492   0.793832   0.462687
      0.28   0.304853   0.806602   0.442474
      0.29   0.294935   0.811782   0.432672
       0.3    0.27372   0.813503   0.409617
      0.31   0.257173   0.820465     0.3916
      0.32   0.245452   0.829545   0.378817
      0.33     0.2358   0.844765   0.368687
      0.34   0.230814   0.856061   0.363595
      0.35   0.221533   0.865622   0.352781
      0.36   0.214797   0.877193   0.345092
      0.37   0.205145   0.906061   0.334544
      0.38   0.196075   0.906011   0.322382
      0.39   0.185574   0.910781   0.308326
       0.4   0.178679   0.920699   0.299278
      0.41   0.171891   0.927192   0.290016
      0.42   0.166163   0.937605   0.282297
      0.43    0.15842    0.94518   0.271357
      0.44   0.152108   0.949474    0.26221
      0.45   0.147706   0.947964   0.255588
      0.46   0.145638   0.948357     0.2525
      0.47   0.145638   0.955083   0.252736
      0.48   0.144736    0.95933   0.251524
      0.49   0.143463   0.963592   0.249744
       0.5   0.142615    0.97284   0.248762
      0.51   0.140599   0.977215   0.245829
      0.52   0.140228   0.987147   0.245572
      0.53   0.139326   0.987013   0.244184
      0.54   0.138425   0.994709   0.243029
      0.55   0.137152          1    0.24122
      0.56   0.136409          1   0.240071
      0.57   0.134288          1   0.236779
      0.58   0.131212          1   0.231985
      0.59    0.13031          1   0.230574
       0.6   0.129462          1   0.229245
      0.61   0.129303          1   0.228995
      0.62   0.127818          1   0.226664
      0.63   0.127818          1   0.226664
      0.64    0.12734          1   0.225913
      0.65    0.12734          1   0.225913
      0.66   0.124264          1   0.221059
      0.67   0.123363          1   0.219631
      0.68   0.120074          1   0.214404
      0.69   0.119703          1   0.213812
       0.7   0.118642          1   0.212118
      0.71   0.116945          1   0.209402
      0.72   0.115725          1   0.207444
      0.73   0.113604          1   0.204029
      0.74   0.110422          1   0.198882
      0.75   0.108035          1   0.195003
      0.76   0.105648          1   0.191107
      0.77   0.102625          1   0.186147
      0.78  0.0988067          1   0.179844
      0.79  0.0965792          1   0.176146
       0.8  0.0916468          1   0.167906
      0.81  0.0806152          1   0.149202
      0.82  0.0728719          1   0.135845
      0.83  0.0694776          1   0.129928
      0.84   0.067197          1   0.125932
      0.85  0.0658711          1   0.123601
      0.86  0.0618934          1   0.116572
      0.87  0.0557412          1   0.105596
      0.88   0.051127          1  0.0972804
      0.89  0.0494829          1  0.0942996
       0.9  0.0469372          1  0.0896657
      0.91  0.0325643          1  0.0630746
      0.92   0.027738          1  0.0539787
      0.93  0.0208963          1  0.0409372
      0.94  0.0195704          1  0.0383895
      0.95  0.0163882          1   0.032248
      0.96  0.0154866          1  0.0305009
      0.97  0.0135243          1  0.0266876
      0.98  0.0106073          1  0.0209919
      0.99 0.00678865          1  0.0134858
