         0          1    0.48887   0.656699
      0.01   0.895824   0.659532   0.759729
      0.02   0.878759   0.675686   0.763958
      0.03   0.862281   0.682443   0.761893
      0.04   0.831451   0.693498   0.756235
      0.05   0.808958    0.70071   0.750953
      0.06   0.774363   0.715013   0.743505
      0.07   0.752384   0.727819   0.739898
      0.08   0.722581    0.74532   0.733774
      0.09   0.697301   0.752384   0.723796
       0.1   0.663635   0.770594   0.713126
      0.11   0.631143   0.789788   0.701609
      0.12    0.60909   0.798541   0.691066
      0.13   0.573028   0.809843   0.671158
      0.14   0.548042   0.814567   0.655238
      0.15   0.517212   0.824383   0.635633
      0.16   0.498753   0.828851   0.622764
      0.17   0.468119   0.830952   0.598865
      0.18   0.446971   0.836296   0.582575
      0.19   0.416117   0.844703   0.557566
       0.2   0.400738    0.84748   0.544164
      0.21   0.370935   0.853285   0.517086
      0.22   0.343186   0.863269   0.491128
      0.23   0.326561   0.872553   0.475254
      0.24   0.298225   0.887152   0.446391
      0.25   0.282993   0.899843   0.430575
      0.26   0.263019   0.911953   0.408284
      0.27   0.251528   0.922452   0.395275
      0.28   0.236003   0.932831   0.376702
      0.29   0.224732    0.94359   0.363008
       0.3   0.210821   0.948429   0.344962
      0.31   0.198328   0.950044   0.328152
      0.32   0.188964   0.949438   0.315195
      0.33   0.174197   0.955929   0.294693
      0.34   0.166104   0.957255   0.283087
      0.35   0.149479   0.956577   0.258555
      0.36   0.138942    0.95393   0.242555
      0.37   0.127769   0.955817   0.225406
      0.38   0.121021   0.955316   0.214827
      0.39   0.113711   0.956376   0.203255
       0.4   0.108503   0.957597    0.19492
      0.41   0.100753   0.964567   0.182449
      0.42  0.0930272   0.968153   0.169744
      0.43  0.0870618   0.968958   0.159768
      0.44   0.081463   0.980676    0.15043
      0.45  0.0786514   0.987047   0.145693
      0.46  0.0725148   0.985836   0.135093
      0.47  0.0698254   0.984848   0.130405
      0.48  0.0664515   0.986885   0.124519
      0.49  0.0610973   0.986111   0.115065
       0.5  0.0571366   0.992453   0.108052
      0.51  0.0495819   0.995763  0.0944604
      0.52  0.0470148   0.995455  0.0897889
      0.53  0.0444477   0.995122  0.0850946
      0.54  0.0408782   0.994764  0.0785294
      0.55  0.0363796   0.994318  0.0701912
      0.56  0.0348883   0.994118  0.0674108
      0.57  0.0325656   0.993865  0.0630649
      0.58  0.0322967          1  0.0625725
      0.59  0.0310009          1  0.0601375
       0.6  0.0302675          1  0.0587565
      0.61  0.0286783          1  0.0557576
      0.62  0.0281893          1   0.054833
      0.63  0.0276759          1  0.0538612
      0.64  0.0267713          1  0.0521466
      0.65     0.0255          1  0.0497318
      0.66  0.0247421          1  0.0482894
      0.67  0.0239842          1  0.0468448
      0.68  0.0235685          1  0.0460517
      0.69  0.0233729          1  0.0456782
       0.7   0.022175          1  0.0433878
      0.71  0.0213437          1  0.0417953
      0.72  0.0202191          1  0.0396367
      0.73   0.018361          1  0.0360598
      0.74  0.0160383          1  0.0315703
      0.75  0.0147426          1  0.0290567
      0.76  0.0130067          1  0.0256794
      0.77  0.0121754          1   0.024058
      0.78  0.0113197          1  0.0223861
      0.79 0.00990172          1  0.0196093
       0.8  0.0083859          1  0.0166323
      0.81 0.00821476          1  0.0162956
      0.82 0.00696787          1  0.0138393
      0.83 0.00501198          1 0.00997397
      0.84  0.0046697          1 0.00929599
      0.85  0.0046697          1 0.00929599
      0.86 0.00437631          1 0.00871449
      0.87 0.00405848          1 0.00808415
      0.88 0.00405848          1 0.00808415
      0.89 0.00396069          1 0.00789012
       0.9 0.00339837          1 0.00677371
      0.91 0.00327612          1 0.00653085
      0.92 0.00308053          1 0.00614215
      0.93 0.00308053          1 0.00614215
      0.94 0.00308053          1 0.00614215
      0.95 0.00273825          1 0.00546155
      0.96 0.00212704          1 0.00424504
      0.97 0.00212704          1 0.00424504
      0.98 0.00212704          1 0.00424504
      0.99 0.00158916          1 0.00317329
