         0          1   0.242084   0.389803
      0.01    0.96384   0.310201   0.469348
      0.02   0.956129   0.328412   0.488898
      0.03   0.952185    0.34079   0.501936
      0.04   0.937481   0.357176   0.517274
      0.05   0.918116   0.370139   0.527583
      0.06   0.890562   0.389271   0.541743
      0.07   0.866117   0.405738   0.552605
      0.08   0.838324   0.432439   0.570561
      0.09    0.81597   0.447899   0.578339
       0.1    0.77461   0.470693   0.585566
      0.11   0.739227   0.492653   0.591262
      0.12   0.715618   0.505037   0.592163
      0.13   0.675692   0.528963   0.593392
      0.14   0.657462   0.545224   0.596106
      0.15   0.626561   0.572053   0.598068
      0.16   0.594465   0.590952   0.592704
      0.17    0.56727   0.613648   0.589549
      0.18   0.551133   0.628954   0.587477
      0.19   0.523459   0.649049   0.579528
       0.2   0.503317   0.660695   0.571367
      0.21   0.465782   0.670317   0.549638
      0.22   0.428486   0.675195   0.524267
      0.23   0.406192   0.682562     0.5093
      0.24   0.373618   0.688291   0.484331
      0.25   0.350248   0.695402    0.46586
      0.26   0.320124   0.708039   0.440904
      0.27   0.302911   0.718513   0.426161
      0.28   0.286056   0.733283   0.411561
      0.29   0.266212   0.744053   0.392127
       0.3   0.239735   0.744123   0.362638
      0.31   0.215707   0.749501   0.335001
      0.32   0.204232   0.757962   0.321764
      0.33   0.189947   0.758267   0.303793
      0.34   0.182535    0.75858   0.294263
      0.35   0.174287   0.758883   0.283472
      0.36   0.165202   0.759036   0.271347
      0.37   0.147929    0.75837   0.247567
      0.38    0.14243   0.755656   0.239684
      0.39   0.137768   0.761981   0.233347
       0.4   0.133465   0.764608   0.227261
      0.41   0.122408   0.766849   0.211116
      0.42   0.111589   0.770588   0.194948
      0.43   0.103401   0.777778   0.182535
      0.44  0.0980216   0.789934   0.174402
      0.45  0.0921642   0.795402   0.165188
      0.46  0.0892356   0.804938    0.16066
      0.47  0.0852908   0.806789   0.154272
      0.48  0.0806885   0.817664   0.146882
      0.49   0.072799   0.815385   0.133664
       0.5  0.0650888   0.810631   0.120502
      0.51   0.058813   0.820144   0.109755
      0.52  0.0551671   0.818533   0.103367
      0.53  0.0495487   0.836283  0.0935545
      0.54  0.0454844   0.841121   0.086302
      0.55  0.0418983   0.857868  0.0798945
      0.56  0.0384317   0.886364  0.0736691
      0.57  0.0346064   0.904459  0.0666622
      0.58  0.0304823   0.901408  0.0589705
      0.59   0.027195   0.895522   0.052787
       0.6  0.0260594    0.90625   0.050662
      0.61  0.0236089      0.925  0.0460426
      0.62   0.020202   0.929204  0.0395443
      0.63   0.020202     0.9375  0.0395517
      0.64  0.0200825   0.971429  0.0393514
      0.65  0.0196641          1  0.0385698
      0.66  0.0180503          1  0.0354606
      0.67  0.0179308          1  0.0352299
      0.68  0.0161975          1  0.0318786
      0.69  0.0161975          1  0.0318786
       0.7  0.0156596          1  0.0308362
      0.71  0.0143446          1  0.0282835
      0.72  0.0138067          1  0.0272374
      0.73  0.0112964          1  0.0223404
      0.74 0.00968263          1  0.0191795
      0.75 0.00693324          1   0.013771
      0.76 0.00663439          1  0.0131813
      0.77 0.00657462          1  0.0130634
      0.78 0.00621601          1  0.0123552
      0.79 0.00549877          1  0.0109374
       0.8 0.00531947          1  0.0105826
      0.81  0.0052597          1  0.0104644
      0.82  0.0052597          1  0.0104644
      0.83 0.00508039          1  0.0101094
      0.84 0.00508039          1  0.0101094
      0.85 0.00508039          1  0.0101094
      0.86 0.00454247          1 0.00904385
      0.87 0.00454247          1 0.00904385
      0.88 0.00454247          1 0.00904385
      0.89 0.00454247          1 0.00904385
       0.9 0.00406431          1 0.00809572
      0.91   0.003885          1 0.00773994
      0.92   0.003885          1 0.00773994
      0.93 0.00352639          1 0.00702799
      0.94 0.00346662          1 0.00690929
      0.95 0.00304823          1 0.00607794
      0.96 0.00298846          1 0.00595912
      0.97 0.00274939          1  0.0054837
      0.98 0.00227123          1 0.00453217
      0.99   0.001554          1 0.00310318
