         0          1   0.319512   0.484288
      0.01   0.892137   0.311288   0.461535
      0.02   0.887112   0.309338   0.458719
      0.03   0.883785   0.308507   0.457361
      0.04   0.872673    0.30589   0.452996
      0.05   0.863118   0.305406    0.45117
      0.06   0.840258   0.303001   0.445391
      0.07   0.822776   0.301776   0.441588
      0.08   0.800481     0.3016   0.438125
      0.09   0.781018   0.300384   0.433891
       0.1    0.74478   0.297676   0.425348
      0.11   0.724184   0.296706   0.420946
      0.12   0.708826   0.297134   0.418737
      0.13   0.681506   0.296519    0.41324
      0.14   0.665369   0.297124   0.410802
      0.15   0.630193   0.296477   0.403245
      0.16    0.60981   0.297923   0.400286
      0.17   0.589072   0.298982   0.396647
      0.18   0.573714   0.298947   0.393073
      0.19   0.548517   0.300979   0.388683
       0.2    0.52686   0.300637   0.382826
      0.21   0.492958   0.301482   0.374145
      0.22   0.469106   0.301267   0.366903
      0.23   0.451907   0.301145   0.361434
      0.24   0.425012   0.301868   0.353009
      0.25   0.407531   0.302015   0.346928
      0.26   0.387926   0.304071   0.340918
      0.27   0.375115   0.304377   0.336064
      0.28   0.355015   0.305748   0.328545
      0.29   0.346097   0.308268   0.326089
       0.3   0.320617   0.310393   0.315422
      0.31   0.309576   0.310071   0.309823
      0.32     0.3008   0.313433   0.306986
      0.33   0.286291    0.31212   0.298648
      0.34    0.27532   0.313551   0.293194
      0.35   0.258759   0.312277    0.28301
      0.36   0.244391   0.308901   0.272885
      0.37   0.226485   0.310367   0.261872
      0.38   0.216576   0.310057    0.25502
      0.39   0.199731   0.309982   0.242933
       0.4   0.187133   0.308251   0.232885
      0.41   0.175526   0.315204   0.225486
      0.42   0.165334   0.313559   0.216507
      0.43   0.161795   0.316279   0.214077
      0.44   0.150541   0.321215   0.205005
      0.45   0.145658   0.321503   0.200485
      0.46   0.137235    0.31946   0.191993
      0.47   0.128742   0.320799   0.183745
      0.48   0.122585   0.321788   0.177537
      0.49   0.119187   0.321028   0.173835
       0.5   0.115082   0.324684   0.169933
      0.51   0.109066   0.320868   0.162797
      0.52  0.0985915     0.3125   0.149893
      0.53  0.0906646   0.310345   0.140332
      0.54  0.0862057   0.311535   0.135043
      0.55  0.0794111   0.301793   0.125737
      0.56  0.0721212   0.301356   0.116388
      0.57  0.0678038   0.300795   0.110663
      0.58  0.0668129   0.296386   0.109044
      0.59  0.0645481   0.300518    0.10627
       0.6  0.0607969    0.29863   0.101026
      0.61   0.055701   0.290469  0.0934768
      0.62   0.051596    0.29064  0.0876347
      0.63  0.0501097   0.283993  0.0851882
      0.64  0.0461462   0.284916   0.079428
      0.65  0.0453677   0.278752   0.078035
      0.66  0.0413334   0.276231  0.0719071
      0.67  0.0388563   0.273364  0.0680411
      0.68  0.0334772   0.248082  0.0589936
      0.69  0.0288768   0.239782  0.0515459
       0.7  0.0266119   0.218935  0.0474556
      0.71  0.0249841   0.213592  0.0447354
      0.72  0.0249133   0.210169  0.0445461
      0.73  0.0205252    0.19403  0.0371233
      0.74  0.0198882   0.182186  0.0358616
      0.75  0.0192512   0.182222  0.0348234
      0.76  0.0177649   0.173913  0.0322368
      0.77  0.0145092   0.163043   0.026647
      0.78  0.0144384   0.166667  0.0265746
      0.79  0.0140137   0.174497  0.0259439
       0.8  0.0131644   0.160584   0.024334
      0.81  0.0131644   0.166667  0.0244014
      0.82  0.0131644     0.1875  0.0246015
      0.83  0.0115366   0.163265  0.0215503
      0.84 0.00714842   0.144578  0.0136233
      0.85 0.00672376   0.142857   0.012843
      0.86 0.00594522   0.147541  0.0114299
      0.87 0.00594522   0.166667  0.0114809
      0.88 0.00594522   0.195652  0.0115398
      0.89 0.00594522        0.2  0.0115472
       0.9  0.0050959   0.205128 0.00994475
      0.91 0.00488357    0.21875 0.00955386
      0.92 0.00488357   0.233333 0.00956691
      0.93 0.00417581       0.24 0.00820879
      0.94 0.00346804   0.166667  0.0067947
      0.95 0.00276028  0.0909091 0.00535788
      0.96 0.00276028   0.111111 0.00538674
      0.97 0.00276028      0.125 0.00540129
      0.98          0          0          0
      0.99          0          0          0
