         0          1   0.384732   0.555677
      0.01   0.829056   0.469495   0.599495
      0.02     0.8239   0.480683   0.607144
      0.03   0.815364   0.489554   0.611785
      0.04    0.79898    0.50753   0.620747
      0.05   0.784372   0.520449   0.625719
      0.06   0.762947   0.542017    0.63378
      0.07   0.743412   0.556273    0.63637
      0.08   0.709498   0.578341   0.637241
      0.09   0.688932   0.596253   0.639251
       0.1   0.641842   0.623856   0.632721
      0.11   0.612454   0.652979   0.632068
      0.12   0.586503   0.667799   0.624516
      0.13   0.548064   0.693207   0.612149
      0.14   0.523831   0.710485   0.603045
      0.15   0.493068   0.741886   0.592411
      0.16   0.473533   0.760009   0.583506
      0.17    0.44277   0.790704   0.567665
      0.18   0.416877   0.804864   0.549264
      0.19   0.398029   0.830048    0.53805
       0.2   0.376088   0.842475   0.520031
      0.21   0.348934   0.865041    0.49728
      0.22   0.327681     0.8807   0.477645
      0.23   0.307115   0.892152   0.456935
      0.24   0.283513    0.90744   0.432042
      0.25    0.26753   0.917361   0.414251
      0.26   0.245245   0.924265   0.387635
      0.27   0.226971   0.930757   0.364947
      0.28   0.203082   0.928637    0.33328
      0.29   0.191854   0.929773   0.318075
       0.3   0.170944   0.931475   0.288874
      0.31   0.154331   0.930667   0.264757
      0.32    0.14316   0.931241   0.248169
      0.33   0.131588   0.931741   0.230608
      0.34   0.124885   0.939338   0.220461
      0.35   0.111366   0.936575   0.199062
      0.36   0.103116   0.935252   0.185753
      0.37  0.0924038   0.934426   0.168177
      0.38  0.0835816   0.937888   0.153485
      0.39  0.0765926    0.93662   0.141605
       0.4   0.068286   0.944223   0.127361
      0.41  0.0654216   0.969027   0.122568
      0.42  0.0594638   0.965174   0.112026
      0.43  0.0527039   0.972067  0.0999868
      0.44  0.0491522   0.981481  0.0936161
      0.45  0.0484647     0.9875  0.0923949
      0.46  0.0471471   0.986486  0.0899932
      0.47  0.0461159   0.992857  0.0881381
      0.48  0.0443401   0.992126  0.0848864
      0.49  0.0411893   0.991597  0.0790932
       0.5  0.0372938   0.990741  0.0718817
      0.51  0.0360335   0.989899  0.0695357
      0.52  0.0352887   0.989011  0.0681459
      0.53  0.0295027   0.987179  0.0572932
      0.54  0.0258364   0.986301  0.0503537
      0.55   0.021769   0.983871  0.0425956
      0.56  0.0198213   0.982143  0.0388583
      0.57  0.0194203   0.981132  0.0380866
      0.58  0.0180454          1   0.035451
      0.59  0.0168996          1  0.0332376
       0.6  0.0166132          1  0.0326834
      0.61  0.0129468          1  0.0255627
      0.62  0.0126031          1  0.0248925
      0.63  0.0122021          1    0.02411
      0.64   0.011572          1  0.0228791
      0.65  0.0113428          1  0.0224312
      0.66 0.00727544          1  0.0144458
      0.67 0.00710357          1  0.0141069
      0.68 0.00675985          1  0.0134289
      0.69 0.00653071          1  0.0129767
       0.7 0.00641613          1  0.0127505
      0.71 0.00532768          1  0.0105989
      0.72 0.00509853          1  0.0101453
      0.73  0.0039528          1 0.00787447
      0.74  0.0039528          1 0.00787447
      0.75 0.00383822          1 0.00764709
      0.76 0.00383822          1 0.00764709
      0.77 0.00383822          1 0.00764709
      0.78 0.00383822          1 0.00764709
      0.79 0.00378093          1 0.00753339
       0.8 0.00378093          1 0.00753339
      0.81 0.00366636          1 0.00730594
      0.82 0.00366636          1 0.00730594
      0.83  0.0034945          1 0.00696466
      0.84  0.0034945          1 0.00696466
      0.85 0.00309349          1  0.0061679
      0.86 0.00309349          1  0.0061679
      0.87 0.00309349          1  0.0061679
      0.88 0.00286434          1 0.00571233
      0.89 0.00286434          1 0.00571233
       0.9 0.00286434          1 0.00571233
      0.91 0.00286434          1 0.00571233
      0.92 0.00286434          1 0.00571233
      0.93 0.00269248          1 0.00537051
      0.94 0.00246334          1 0.00491457
      0.95 0.00246334          1 0.00491457
      0.96 0.00246334          1 0.00491457
      0.97 0.00206233          1 0.00411617
      0.98 0.00183318          1 0.00365965
      0.99 0.00166132          1 0.00331713
