         0          1   0.289124   0.448559
      0.01   0.933039   0.461989   0.617986
      0.02   0.930809   0.474228   0.628333
      0.03   0.927997   0.484848   0.636924
      0.04   0.922081   0.500048   0.648443
      0.05   0.916457   0.509707   0.655078
      0.06    0.90351   0.533072   0.670531
      0.07   0.895995    0.54972   0.681388
      0.08   0.890128   0.579244   0.701798
      0.09   0.882612   0.597889   0.712872
       0.1     0.8718   0.622222   0.726165
      0.11   0.854732   0.650103   0.738505
      0.12   0.846538   0.669241   0.747521
      0.13    0.82918   0.690554   0.753544
      0.14   0.821082   0.703829   0.757948
      0.15   0.807021   0.718335     0.7601
      0.16   0.795093   0.728801   0.760505
      0.17   0.783165   0.740324   0.761142
      0.18   0.772934   0.749122   0.760842
      0.19   0.757564   0.757203   0.757384
       0.2   0.749079   0.764317   0.756621
      0.21   0.739575   0.774159   0.756472
      0.22   0.715089   0.779982   0.746127
      0.23   0.704471   0.785388   0.742732
      0.24   0.690506   0.794146   0.738709
      0.25    0.68173   0.799804   0.736062
      0.26   0.657486   0.810916   0.726185
      0.27   0.650989   0.817213   0.724691
      0.28   0.635958   0.827499   0.719194
      0.29   0.623836   0.833768   0.713684
       0.3   0.606575   0.838934   0.704079
      0.31   0.585144    0.84372   0.691035
      0.32   0.573119    0.85043   0.684764
      0.33   0.560803   0.861698   0.679427
      0.34   0.550475   0.865528   0.672953
      0.35   0.526765   0.869141   0.655966
      0.36   0.507564   0.872664   0.641825
      0.37   0.478375    0.87562   0.618724
      0.38    0.46475   0.878298   0.607854
      0.39   0.446276   0.882746    0.59284
       0.4   0.432312   0.882516   0.580338
      0.41   0.405692   0.882177    0.55579
      0.42   0.385764   0.886076   0.537515
      0.43   0.371751   0.890949   0.524608
      0.44    0.35226   0.902142   0.506677
      0.45   0.345714   0.910725   0.501179
      0.46   0.338586   0.925047   0.495726
      0.47   0.336647   0.931847   0.494607
      0.48   0.328986   0.945767   0.488163
      0.49   0.324476   0.951186   0.483886
       0.5   0.315506   0.954071   0.474198
      0.51   0.307312   0.957234   0.465257
      0.52   0.305372   0.961039   0.463475
      0.53   0.298439   0.964444   0.455826
      0.54   0.292426   0.967596    0.44912
      0.55    0.28268   0.971139   0.437897
      0.56   0.275941    0.97518   0.430161
      0.57   0.265419    0.98005   0.417712
      0.58   0.257709   0.983788   0.408429
      0.59   0.248303   0.985035   0.396626
       0.6    0.24103   0.987478   0.387481
      0.61   0.227793   0.990766    0.37042
      0.62   0.219696   0.996183   0.359998
      0.63   0.217514   0.999024   0.357246
      0.64   0.208883          1    0.34558
      0.65   0.199331          1   0.332403
      0.66   0.190506          1   0.320042
      0.67   0.179597          1   0.304505
      0.68   0.170384          1   0.291159
      0.69   0.162238          1   0.279182
       0.7   0.153268          1   0.265798
      0.71   0.144104          1   0.251907
      0.72   0.140758          1    0.24678
      0.73   0.131303          1   0.232128
      0.74   0.124855          1   0.221992
      0.75   0.112927          1   0.202936
      0.76   0.107302          1   0.193808
      0.77  0.0994957          1   0.180984
      0.78   0.090768          1    0.16643
      0.79  0.0817494          1   0.151143
       0.8  0.0748642          1     0.1393
      0.81  0.0602696          1   0.113687
      0.82  0.0525601          1   0.099871
      0.83   0.047469          1  0.0906356
      0.84  0.0448991          1  0.0859397
      0.85  0.0421354          1  0.0808635
      0.86    0.03782          1  0.0728836
      0.87  0.0311288          1  0.0603781
      0.88  0.0237102          1  0.0463222
      0.89  0.0179888          1  0.0353417
       0.9  0.0121218          1  0.0239532
      0.91  0.0111521          1  0.0220581
      0.92  0.0102793          1  0.0203494
      0.93 0.00926106          1  0.0183521
      0.94 0.00829131          1  0.0164463
      0.95 0.00237587          1 0.00474048
      0.96   0.001891          1 0.00377486
      0.97 0.00174554          1   0.003485
      0.98 0.00155159          1 0.00309837
      0.99 0.00116369          1 0.00232468
