         0          1   0.108911   0.196429
      0.01   0.968214    0.17891   0.302012
      0.02   0.967409   0.180997   0.304941
      0.03   0.965531   0.181042   0.304911
      0.04   0.959496   0.181338   0.305028
      0.05   0.948498   0.181432   0.304599
      0.06   0.937366   0.182312   0.305254
      0.07    0.92677   0.182886   0.305487
      0.08   0.904641   0.183639   0.305302
      0.09   0.881035   0.183446   0.303664
       0.1   0.853943   0.183079   0.301515
      0.11   0.821218   0.184031    0.30068
      0.12   0.797747   0.184978    0.30032
      0.13   0.762876   0.186416   0.299617
      0.14   0.736052   0.188143   0.299684
      0.15   0.713519   0.188869   0.298678
      0.16   0.694206   0.191084    0.29968
      0.17   0.658128    0.19403   0.299701
      0.18   0.646057   0.196256   0.301058
      0.19   0.622318    0.19618   0.298318
       0.2   0.593482   0.197077   0.295896
      0.21   0.558074   0.196975   0.291178
      0.22   0.500671   0.197044   0.282793
      0.23   0.487124   0.197647   0.281199
      0.24   0.456277        0.2     0.2781
      0.25   0.436159   0.199743   0.274003
      0.26   0.407591   0.197499   0.266073
      0.27   0.386803   0.196979   0.261029
      0.28   0.359576   0.198402   0.255711
      0.29   0.340531   0.198942   0.251156
       0.3   0.318938   0.202776   0.247925
      0.31   0.291711   0.200675   0.237777
      0.32   0.269582   0.201249   0.230457
      0.33   0.251609   0.197957   0.221582
      0.34   0.239941   0.196923   0.216314
      0.35   0.230553   0.199775   0.214063
      0.36   0.218616    0.20048   0.209156
      0.37   0.205204   0.198946   0.202026
      0.38   0.182806   0.196176   0.189255
      0.39   0.149812   0.194929   0.169418
       0.4   0.144582   0.197111   0.166809
      0.41   0.135595    0.20339   0.162714
      0.42   0.129292   0.204545   0.158437
      0.43   0.118026   0.204265   0.149607
      0.44   0.107296   0.198492   0.139295
      0.45  0.0976395   0.194631   0.130042
      0.46  0.0828863   0.192133   0.115811
      0.47  0.0807403   0.191318   0.113557
      0.48  0.0787285   0.196429   0.112405
      0.49  0.0722908   0.192748   0.105146
       0.5  0.0574034   0.194861  0.0886822
      0.51  0.0529775   0.194712  0.0832925
      0.52  0.0508315   0.201072  0.0811486
      0.53  0.0476127   0.204142   0.077216
      0.54  0.0410408   0.209459  0.0686337
      0.55  0.0287017    0.20229  0.0502708
      0.56  0.0253487   0.214876  0.0453478
      0.57  0.0218616   0.232558  0.0399662
      0.58  0.0218616   0.246305  0.0401588
      0.59  0.0218616    0.26455  0.0403858
       0.6  0.0202521   0.260116  0.0375785
      0.61  0.0202521    0.27044  0.0376824
      0.62  0.0202521   0.283784  0.0378063
      0.63  0.0202521   0.295775  0.0379086
      0.64  0.0197157   0.305344  0.0370397
      0.65  0.0190451   0.299213  0.0358108
      0.66  0.0190451   0.291667  0.0357554
      0.67  0.0190451   0.288136  0.0357286
      0.68  0.0177039   0.281818  0.0333149
      0.69  0.0177039   0.295238  0.0334046
       0.7  0.0171674    0.27551  0.0323208
      0.71   0.014485   0.255319  0.0274146
      0.72   0.014485   0.258065  0.0274303
      0.73  0.0126073   0.232558   0.023918
      0.74  0.0119367   0.219512  0.0226421
      0.75  0.0119367   0.226667  0.0226791
      0.76  0.0118026   0.214286  0.0223729
      0.77 0.00938841   0.177419  0.0178332
      0.78 0.00938841   0.180328  0.0178476
      0.79 0.00844957   0.166667  0.0160837
       0.8 0.00764485   0.145455  0.0145262
      0.81 0.00388948     0.0625 0.00732323
      0.82  0.0026824  0.0232558    0.00481
      0.83  0.0026824  0.0232558    0.00481
      0.84  0.0026824   0.025641 0.00485673
      0.85  0.0026824   0.027027 0.00488043
      0.86  0.0026824  0.0285714 0.00490436
      0.87  0.0026824  0.0294118 0.00491642
      0.88  0.0026824    0.03125 0.00494071
      0.89  0.0026824  0.0333333 0.00496524
       0.9          0          0          0
      0.91          0          0          0
      0.92          0          0          0
      0.93          0          0          0
      0.94          0          0          0
      0.95          0          0          0
      0.96          0          0          0
      0.97          0          0          0
      0.98          0          0          0
      0.99          0          0          0
