         0          1   0.354609   0.523559
      0.01    0.92264   0.453847   0.608414
      0.02   0.921634   0.460959   0.614549
      0.03    0.91608   0.464547   0.616477
      0.04   0.911531   0.474113   0.623781
      0.05   0.908392    0.48176    0.62961
      0.06   0.900302   0.492236    0.63648
      0.07   0.891044   0.498602    0.63941
      0.08   0.878688   0.510244   0.645597
      0.09   0.864923   0.518227   0.648124
       0.1   0.841135   0.530488   0.650634
      0.11   0.825357   0.544596   0.656206
      0.12   0.812437   0.553783   0.658626
      0.13   0.797263   0.566186   0.662143
      0.14   0.783176   0.575911   0.663739
      0.15   0.767599   0.588462   0.666198
      0.16   0.751298   0.596776   0.665181
      0.17   0.734433   0.610574   0.666801
      0.18   0.723284   0.621075   0.668294
      0.19    0.70642   0.639064   0.671056
       0.2   0.690763   0.649316   0.669399
      0.21   0.671121   0.666667   0.668886
      0.22   0.655705   0.679593   0.667436
      0.23   0.646649   0.694355   0.669654
      0.24   0.635862   0.710265   0.671007
      0.25   0.628014   0.716941   0.669537
      0.26   0.613846   0.730136    0.66696
      0.27   0.603542   0.737571   0.663859
      0.28   0.592071    0.74808   0.660995
      0.29   0.583176   0.754585   0.657899
       0.3   0.568565   0.763589   0.651802
      0.31   0.553955   0.772784   0.645323
      0.32   0.543731     0.7805   0.640949
      0.33   0.526947    0.78963   0.632083
      0.34   0.518092   0.794364    0.62715
      0.35   0.506702   0.808561   0.622992
      0.36    0.49523   0.813313   0.615612
      0.37   0.480177   0.824148   0.606807
      0.38   0.470477   0.830269   0.600613
      0.39   0.455786   0.841034   0.591187
       0.4   0.445925   0.843828   0.583498
      0.41    0.43063   0.849106   0.571447
      0.42   0.414892   0.855525   0.558794
      0.43    0.40157   0.854897   0.546454
      0.44   0.389495   0.856367   0.535454
      0.45   0.381284   0.858312   0.528012
      0.46   0.369491   0.862602   0.517369
      0.47   0.361884   0.865094     0.5103
      0.48   0.346025   0.873079   0.495622
      0.49   0.341437   0.877665    0.49162
       0.5   0.327712   0.883324   0.478063
      0.51   0.314912   0.893785   0.465731
      0.52   0.309318   0.894063   0.459621
      0.53   0.297726   0.895441   0.446871
      0.54   0.291648    0.89679   0.440153
      0.55   0.274784   0.896736   0.420665
      0.56   0.263876   0.898814   0.407977
      0.57   0.245603   0.899399   0.385842
      0.58   0.232401   0.897619    0.36921
      0.59   0.214892   0.893782    0.34648
       0.6   0.204749   0.893345   0.333144
      0.61   0.186879   0.895219   0.309209
      0.62   0.170497   0.892168   0.286284
      0.63   0.158503   0.889851   0.269077
      0.64   0.136889   0.913545     0.2381
      0.65   0.127994   0.924071   0.224844
      0.66   0.109117   0.938224   0.195497
      0.67   0.102113   0.963964   0.184665
      0.68  0.0892332    0.96978   0.163429
      0.69  0.0785269   0.971338   0.145307
       0.7  0.0672167   0.977273   0.125782
      0.71  0.0577179    0.97561   0.108988
      0.72  0.0540149   0.983146   0.102404
      0.73  0.0425438   0.992806  0.0815912
      0.74  0.0384383          1   0.074031
      0.75  0.0339304          1  0.0656338
      0.76  0.0321594          1  0.0623148
      0.77   0.026605          1  0.0518309
      0.78   0.024995          1  0.0487709
      0.79  0.0229825          1  0.0449323
       0.8  0.0214128          1  0.0419277
      0.81  0.0168243          1  0.0330919
      0.82  0.0151338          1  0.0298164
      0.83  0.0131616          1  0.0259812
      0.84  0.0114711          1  0.0226821
      0.85  0.0104649          1   0.020713
      0.86 0.00503119          1   0.010012
      0.87 0.00503119          1   0.010012
      0.88 0.00503119          1   0.010012
      0.89 0.00398471          1 0.00793778
       0.9 0.00338096          1 0.00673914
      0.91 0.00338096          1 0.00673914
      0.92 0.00338096          1 0.00673914
      0.93 0.00277722          1 0.00553905
      0.94 0.00241497          1 0.00481831
      0.95 0.00241497          1 0.00481831
      0.96 0.00241497          1 0.00481831
      0.97 0.00229422          1 0.00457795
      0.98 0.00144898          1 0.00289377
      0.99 0.00144898          1 0.00289377
