         0          1   0.308236   0.471224
      0.01   0.845573   0.470504   0.604593
      0.02   0.837072   0.490336   0.618418
      0.03   0.825201   0.502457   0.624601
      0.04   0.805483   0.517007   0.629783
      0.05    0.78838   0.525799   0.630857
      0.06   0.765443    0.54013   0.633345
      0.07   0.751308    0.54629   0.632603
      0.08   0.727918   0.554791   0.629671
      0.09   0.711972   0.562399   0.628408
       0.1   0.685563    0.57221   0.623779
      0.11   0.650805   0.582198   0.614593
      0.12   0.619014   0.590323   0.604328
      0.13   0.586066     0.6036   0.594704
      0.14    0.56826   0.613992   0.590241
      0.15    0.54341   0.624387   0.581091
      0.16   0.521579   0.631992   0.571502
      0.17   0.488984   0.642755   0.555423
      0.18   0.473642   0.654784   0.549674
      0.19   0.456942   0.678062   0.545963
       0.2   0.444618   0.689498    0.54062
      0.21   0.420926   0.699886    0.52569
      0.22   0.398441   0.711426   0.510802
      0.23   0.382093   0.712832    0.49751
      0.24   0.357445   0.727228   0.479304
      0.25   0.346932   0.738245   0.472035
      0.26   0.319416   0.741586   0.446511
      0.27   0.307042     0.7416   0.434281
      0.28   0.290845    0.75347   0.419688
      0.29   0.282344   0.760424   0.411791
       0.3   0.259557     0.7622   0.387244
      0.31   0.239839   0.769941   0.365747
      0.32    0.23174   0.777482   0.357055
      0.33   0.220272   0.782819   0.343803
      0.34   0.212575   0.779456   0.334048
      0.35    0.19663   0.783871   0.314395
      0.36    0.19341    0.78324   0.310217
      0.37   0.178571   0.781707   0.290729
      0.38   0.169769   0.780735   0.278893
      0.39   0.160412   0.779891   0.266093
       0.4   0.154376   0.789174   0.258237
      0.41   0.150302    0.79049   0.252579
      0.42   0.142002   0.799685   0.241178
      0.43   0.139135   0.803922   0.237215
      0.44   0.130533   0.814361   0.225001
      0.45   0.122233    0.82037   0.212765
      0.46   0.109457   0.817814   0.193073
      0.47   0.104678   0.822894    0.18573
      0.48  0.0991449   0.818824   0.176874
      0.49  0.0899396   0.808786   0.161878
       0.5  0.0796278   0.805233   0.144924
      0.51  0.0758048   0.800623   0.138496
      0.52  0.0709256   0.786667    0.13012
      0.53  0.0611167   0.773234    0.11328
      0.54  0.0561871   0.774319   0.104772
      0.55  0.0553823   0.786008   0.103474
      0.56  0.0548793   0.786325   0.102598
      0.57  0.0514085   0.800948  0.0966157
      0.58  0.0510563   0.821782  0.0961396
      0.59  0.0457243   0.850829  0.0867848
       0.6  0.0453219   0.852273   0.086067
      0.61  0.0418008   0.868421  0.0797623
      0.62  0.0400402   0.885714  0.0766169
      0.63  0.0384306   0.902256  0.0737211
      0.64  0.0374245   0.910569  0.0718942
      0.65  0.0355131   0.904348  0.0683424
      0.66  0.0321932   0.904762   0.062174
      0.67  0.0287726   0.907216  0.0557763
      0.68  0.0262575   0.939759  0.0510877
      0.69  0.0245976   0.949367  0.0479527
       0.7  0.0231388          1  0.0452311
      0.71  0.0185111          1  0.0363493
      0.72  0.0182093          1  0.0357672
      0.73  0.0152414          1  0.0300253
      0.74  0.0149899          1  0.0295371
      0.75  0.0141348          1  0.0278756
      0.76  0.0140845          1  0.0277778
      0.77  0.0132797          1  0.0262113
      0.78  0.0118712          1  0.0234639
      0.79  0.0114688          1  0.0226775
       0.8 0.00855131          1  0.0169576
      0.81 0.00804829          1  0.0159681
      0.82 0.00799799          1  0.0158691
      0.83 0.00764588          1  0.0151757
      0.84 0.00422535          1 0.00841515
      0.85 0.00362173          1 0.00721732
      0.86 0.00296781          1 0.00591805
      0.87 0.00296781          1 0.00591805
      0.88 0.00296781          1 0.00591805
      0.89  0.0028672          1 0.00571801
       0.9 0.00231388          1 0.00461708
      0.91 0.00231388          1 0.00461708
      0.92 0.00231388          1 0.00461708
      0.93 0.00226358          1 0.00451694
      0.94 0.00226358          1 0.00451694
      0.95 0.00176056          1 0.00351494
      0.96 0.00165996          1 0.00331442
      0.97 0.000955734          1 0.00190964
      0.98 0.000955734          1 0.00190964
      0.99 0.000905433          1 0.00180923
