         0          1   0.363236   0.532903
      0.01   0.961896    0.36916   0.533552
      0.02   0.954878    0.39802   0.561847
      0.03   0.937828   0.419769   0.579953
      0.04   0.901145   0.461432   0.610339
      0.05   0.864936   0.491162   0.626538
      0.06   0.819599   0.542854    0.65312
      0.07   0.770301   0.576291    0.65932
      0.08   0.719022   0.618669   0.665081
      0.09   0.674072   0.646345   0.659917
       0.1    0.62697   0.673675   0.649484
      0.11   0.565659    0.70002   0.625708
      0.12   0.533712   0.711638   0.609965
      0.13   0.483208   0.725593     0.5801
      0.14   0.446741   0.728398   0.553816
      0.15   0.400542   0.733064   0.518034
      0.16   0.383407   0.734401   0.503797
      0.17   0.356196   0.744478    0.48185
      0.18   0.338543   0.747257   0.465977
      0.19   0.311763   0.744843   0.439548
       0.2   0.297899   0.748666   0.426207
      0.21   0.277706   0.747546    0.40497
      0.22   0.258417   0.756987   0.385302
      0.23   0.247826   0.758981   0.373647
      0.24   0.232197   0.760653   0.355786
      0.25   0.227418   0.766642   0.350779
      0.26   0.218979    0.77589   0.341559
      0.27   0.215233   0.778709   0.337251
      0.28   0.206966   0.783784   0.327463
      0.29   0.205201   0.790925    0.32586
       0.3   0.203221   0.799634   0.324079
      0.31   0.201154   0.804469   0.321835
      0.32   0.199776   0.811195   0.320597
      0.33    0.19758   0.820563   0.318476
      0.34   0.196891    0.83004   0.318284
      0.35   0.195212   0.846389   0.317253
      0.36   0.194566   0.855359   0.317021
      0.37   0.192285   0.866738   0.314744
      0.38   0.191337    0.87041   0.313713
      0.39     0.1863   0.878184   0.307389
       0.4   0.185998    0.88726   0.307529
      0.41   0.185008   0.893471   0.306542
      0.42   0.183803    0.89803   0.305149
      0.43   0.183458    0.90281   0.304948
      0.44   0.181392   0.908442   0.302402
      0.45   0.181004   0.911483    0.30203
      0.46   0.180746   0.914355   0.301827
      0.47   0.180057   0.917576    0.30104
      0.48   0.177947    0.92725   0.298592
      0.49   0.177947   0.930607   0.298765
       0.5    0.17743   0.937186   0.298372
      0.51   0.176957   0.942529   0.297971
      0.52   0.176311   0.945666    0.29721
      0.53   0.175149   0.951123   0.295822
      0.54    0.17446      0.952   0.294881
      0.55   0.173383   0.959016   0.293673
      0.56   0.172565   0.959666   0.292529
      0.57   0.170843    0.95904   0.290022
      0.58   0.166193   0.959538   0.283316
      0.59   0.164557   0.967213   0.281261
       0.6   0.162792   0.969697   0.278782
      0.61   0.160381   0.973479   0.275391
      0.62   0.159175   0.980645   0.273893
      0.63   0.154654   0.981697   0.267213
      0.64   0.152372   0.984536   0.263902
      0.65   0.150952   0.984127   0.261754
      0.66   0.144838   0.985075   0.252543
      0.67   0.140188   0.984314   0.245422
      0.68   0.132395   0.987097   0.233475
      0.69    0.12796   0.990909   0.226652
       0.7   0.119866   0.992537   0.213899
      0.71   0.108112   0.991429   0.194963
      0.72   0.101524          1   0.184334
      0.73  0.0908034          1   0.166489
      0.74  0.0822354          1   0.151973
      0.75  0.0688022          1   0.128746
      0.76  0.0646689          1   0.121482
      0.77  0.0581245          1   0.109863
      0.78  0.0551107          1   0.104464
      0.79  0.0495996          1  0.0945114
       0.8  0.0451649          1  0.0864264
      0.81  0.0394816          1   0.075964
      0.82  0.0348317          1  0.0673185
      0.83  0.0313011          1  0.0607022
      0.84  0.0285025          1  0.0554253
      0.85  0.0226901          1  0.0443733
      0.86  0.0165763          1  0.0326119
      0.87   0.010893          1  0.0215512
      0.88 0.00994575          1  0.0196956
      0.89 0.00964436          1  0.0191045
       0.9  0.0087402          1   0.017329
      0.91 0.00813743          1  0.0161435
      0.92 0.00813743          1  0.0161435
      0.93 0.00727633          1  0.0144475
      0.94 0.00727633          1  0.0144475
      0.95 0.00684578          1  0.0135985
      0.96 0.00615689          1  0.0122384
      0.97 0.00490829          1 0.00976864
      0.98 0.00292775          1 0.00583841
      0.99 0.00245415          1 0.00489628
