         0          1   0.164811   0.282983
      0.01   0.953511   0.195512    0.32449
      0.02   0.951986   0.200457   0.331179
      0.03   0.942269   0.204032   0.335432
      0.04   0.932743    0.20793   0.340055
      0.05   0.922359   0.211645   0.344289
      0.06   0.913309   0.218539   0.352687
      0.07   0.903687   0.223668   0.358584
      0.08   0.889969   0.231287   0.367156
      0.09   0.882443   0.238292   0.375252
       0.1   0.868534   0.248784   0.386779
      0.11   0.858245   0.258845   0.397735
      0.12   0.842526   0.267893   0.406525
      0.13   0.829285    0.28196   0.420835
      0.14   0.812327   0.292514   0.430138
      0.15   0.795275   0.308167   0.444205
      0.16   0.783271   0.318648   0.453006
      0.17   0.768029   0.332866   0.464442
      0.18   0.762313   0.343033   0.473152
      0.19   0.751834    0.36107    0.48785
       0.2   0.745261   0.372904   0.497084
      0.21   0.732876   0.394162   0.512622
      0.22   0.709441   0.415825   0.524326
      0.23   0.700105   0.432859   0.534963
      0.24   0.672954   0.453709   0.541999
      0.25   0.660189   0.467935    0.54768
      0.26   0.638278   0.491312   0.555234
      0.27   0.619129   0.501998   0.554445
      0.28   0.600076   0.520783   0.557625
      0.29    0.58512   0.532934   0.557809
       0.3   0.544441   0.551429   0.547913
      0.31   0.525483   0.569926   0.546803
      0.32   0.504716   0.584789    0.54181
      0.33   0.464609   0.608914   0.527063
      0.34   0.447461   0.623394   0.520975
      0.35   0.418596   0.648503   0.508783
      0.36   0.399638   0.665289    0.49933
      0.37   0.382204   0.692884   0.492654
      0.38   0.361913   0.721144   0.481953
      0.39   0.350672    0.74804   0.477498
       0.4   0.335524   0.757503   0.465058
      0.41   0.320377   0.781414   0.454437
      0.42   0.301229   0.806686   0.438657
      0.43   0.287701   0.833068   0.427697
      0.44   0.268648   0.853873   0.408708
      0.45   0.254644   0.855556   0.392474
      0.46   0.238735   0.874239   0.375052
      0.47    0.22254   0.878205   0.355097
      0.48   0.206726   0.888631   0.335421
      0.49   0.202629   0.899038    0.33072
       0.5   0.191674   0.918367   0.317154
      0.51   0.184148   0.933333   0.307605
      0.52   0.179004    0.93913   0.300693
      0.53   0.172621       0.95   0.292155
      0.54    0.16881       0.97   0.287574
      0.55   0.162046    0.97193   0.277779
      0.56   0.155854   0.977612   0.268848
      0.57   0.150805   0.984314    0.26154
      0.58   0.146709   0.987603   0.255467
      0.59   0.141088   0.991111   0.247013
       0.6   0.133371   0.995215    0.23522
      0.61   0.129275          1   0.228952
      0.62   0.124035          1   0.220697
      0.63   0.116891          1   0.209314
      0.64   0.110889          1    0.19964
      0.65   0.105078          1   0.190172
      0.66  0.0911689          1   0.167103
      0.67  0.0865009          1   0.159228
      0.68  0.0740211          1   0.137839
      0.69  0.0709727          1   0.132539
       0.7  0.0627798          1   0.118143
      0.71  0.0566829          1   0.107285
      0.72  0.0525865          1  0.0999185
      0.73  0.0514433          1  0.0978527
      0.74  0.0490616          1  0.0935343
      0.75  0.0475374          1  0.0907603
      0.76  0.0432505          1  0.0829148
      0.77  0.0421073          1  0.0808118
      0.78  0.0400114          1  0.0769442
      0.79  0.0217205          1  0.0425175
       0.8  0.0217205          1  0.0425175
      0.81  0.0217205          1  0.0425175
      0.82  0.0217205          1  0.0425175
      0.83  0.0217205          1  0.0425175
      0.84  0.0200057          1  0.0392267
      0.85  0.0200057          1  0.0392267
      0.86  0.0200057          1  0.0392267
      0.87  0.0200057          1  0.0392267
      0.88  0.0185767          1  0.0364759
      0.89  0.0185767          1  0.0364759
       0.9  0.0176241          1  0.0346377
      0.91  0.0164809          1  0.0324274
      0.92  0.0164809          1  0.0324274
      0.93   0.015433          1  0.0303968
      0.94  0.0144803          1  0.0285473
      0.95  0.0144803          1  0.0285473
      0.96  0.0132419          1  0.0261376
      0.97  0.0123845          1   0.024466
      0.98  0.0115271          1  0.0227915
      0.99 0.00943127          1  0.0186863
