         0          1   0.317058   0.481463
      0.01   0.938323   0.414999   0.575478
      0.02   0.936463   0.422647    0.58243
      0.03   0.934211   0.427194    0.58629
      0.04   0.922365   0.430627   0.587136
      0.05   0.914582   0.433568   0.588263
      0.06   0.899163    0.43915   0.590097
      0.07   0.881345   0.443574   0.590137
      0.08    0.85922   0.448111   0.589026
      0.09   0.833668   0.450855   0.585219
       0.1   0.800822    0.45721    0.58209
      0.11   0.776152   0.465412   0.581896
      0.12   0.753194   0.468474   0.577656
      0.13   0.713104   0.474155   0.569584
      0.14   0.694111   0.480339    0.56777
      0.15   0.663028   0.484271   0.559724
      0.16   0.639777   0.486762   0.552878
      0.17   0.598855   0.486538   0.536885
      0.18   0.575212   0.489234    0.52875
      0.19   0.543835   0.490126   0.515586
       0.2   0.515737   0.493048   0.504138
      0.21   0.486661   0.500452    0.49346
      0.22   0.461648   0.512657   0.485817
      0.23   0.444858   0.518895   0.479033
      0.24   0.420481   0.528398   0.468302
      0.25   0.407264   0.532028    0.46136
      0.26   0.386069    0.53256   0.447634
      0.27    0.37109   0.539905   0.439856
      0.28   0.352098   0.549332   0.429137
      0.29   0.342552   0.555599   0.423808
       0.3   0.328797   0.565532   0.415832
      0.31   0.305889   0.576302   0.399651
      0.32   0.297371   0.580614   0.393305
      0.33   0.284449     0.5923   0.384326
      0.34   0.271771   0.601558   0.374397
      0.35   0.256988   0.605566   0.360842
      0.36   0.247736   0.607051   0.351873
      0.37   0.228695   0.604211   0.331802
      0.38   0.218366   0.604136   0.320784
      0.39   0.200303   0.596967    0.29996
       0.4   0.194332     0.5975   0.293277
      0.41   0.181702   0.593918   0.278271
      0.42   0.168241   0.591042   0.261925
      0.43   0.162465   0.588415   0.254626
      0.44   0.149004   0.593036   0.238167
      0.45   0.144354   0.590807   0.232018
      0.46   0.134564   0.595012   0.219489
      0.47   0.130011    0.59926   0.213667
      0.48   0.126536   0.608527   0.209507
      0.49   0.122522   0.611185   0.204124
       0.5   0.116452   0.618982   0.196025
      0.51   0.111557   0.624642   0.189305
      0.52   0.108718   0.623529   0.185153
      0.53   0.107152   0.633588   0.183303
      0.54   0.106124   0.637209   0.181945
      0.55   0.101522   0.641571   0.175304
      0.56   0.100445   0.649832   0.173996
      0.57  0.0986343   0.661376   0.171667
      0.58  0.0974595   0.663043    0.16994
      0.59  0.0933477   0.659048   0.163533
       0.6  0.0890401   0.658824   0.156878
      0.61   0.087131   0.651639    0.15371
      0.62  0.0848793   0.656051   0.150311
      0.63  0.0820892   0.653595   0.145859
      0.64  0.0799843   0.651685   0.142481
      0.65  0.0786137   0.648019   0.140217
      0.66  0.0727397   0.637931   0.130589
      0.67   0.072446   0.637975   0.130117
      0.68  0.0681384   0.636364   0.123096
      0.69  0.0638308   0.633053   0.115969
       0.7  0.0602575   0.642643   0.110184
      0.71  0.0556072    0.64918    0.10244
      0.72  0.0511038   0.657439  0.0948359
      0.73  0.0496843   0.697318  0.0927594
      0.74  0.0453277   0.718367  0.0852748
      0.75  0.0435655   0.747748  0.0823341
      0.76  0.0378873   0.792929  0.0723191
      0.77  0.0369573   0.837989  0.0707924
      0.78  0.0367125   0.842105  0.0703577
      0.79   0.036223   0.869281   0.069548
       0.8  0.0359293   0.885714  0.0690573
      0.81  0.0322581   0.886179  0.0622501
      0.82  0.0308875   0.889831  0.0597026
      0.83  0.0301532   0.893805  0.0583383
      0.84  0.0292721   0.923077  0.0567448
      0.85  0.0284889   0.916667  0.0552604
      0.86  0.0266778   0.902439  0.0518235
      0.87  0.0231534   0.915493  0.0451645
      0.88  0.0192863   0.933333  0.0377917
      0.89  0.0186989   0.947368   0.036674
       0.9  0.0186989          1  0.0367114
      0.91  0.0183073          1  0.0359564
      0.92  0.0183073          1  0.0359564
      0.93  0.0171815          1  0.0337825
      0.94  0.0155172          1  0.0305601
      0.95  0.0140487          1  0.0277081
      0.96  0.0119928          1  0.0237013
      0.97  0.0094963          1  0.0188139
      0.98 0.00602085          1  0.0119696
      0.99 0.00220275          1 0.00439582
