         0          1    0.28722   0.446264
      0.01     0.8297   0.407817   0.546846
      0.02   0.825463    0.41052    0.54834
      0.03   0.821941   0.412839   0.549619
      0.04   0.813773   0.414003   0.548804
      0.05   0.799275   0.414186   0.545627
      0.06   0.781153   0.419326   0.545712
      0.07   0.769616   0.422372   0.545415
      0.08   0.753739   0.429788   0.547428
      0.09   0.741845   0.433945   0.547581
       0.1   0.728266   0.438295   0.547241
      0.11   0.708204   0.445316   0.546804
      0.12   0.697994   0.449316   0.546705
      0.13   0.680688   0.451819   0.543127
      0.14   0.661085   0.454352   0.538561
      0.15     0.6399   0.457198   0.533336
      0.16    0.63163   0.459597   0.532053
      0.17   0.619225   0.465158   0.531247
      0.18   0.609168   0.468529   0.529672
      0.19   0.587881   0.469225   0.521894
       0.2   0.570065   0.468167   0.514115
      0.21   0.551789    0.46916   0.507131
      0.22   0.530451   0.469037   0.497857
      0.23   0.517791    0.47106   0.493321
      0.24   0.494819   0.472506   0.483405
      0.25   0.486651   0.472686   0.479567
      0.26   0.468988   0.471096    0.47004
      0.27   0.458421   0.470952   0.464602
      0.28   0.441064   0.469033   0.454619
      0.29   0.432181   0.470698   0.450618
       0.3   0.408903   0.468583   0.436713
      0.31   0.388075   0.465615   0.423323
      0.32      0.382    0.46607   0.419868
      0.33   0.361836   0.463216   0.406297
      0.34   0.349431   0.458446   0.396583
      0.35   0.327633   0.455158   0.381008
      0.36   0.318189   0.448793   0.372371
      0.37   0.303334   0.445765   0.361008
      0.38   0.292613   0.442453   0.352261
      0.39   0.278064   0.438582   0.340346
       0.4   0.269386   0.434176   0.332482
      0.41   0.252284   0.425229   0.316684
      0.42   0.237633   0.419729    0.30346
      0.43   0.225331   0.409413   0.290679
      0.44   0.209761   0.398094   0.274751
      0.45    0.20537   0.394405   0.270098
      0.46   0.187503   0.376896   0.250423
      0.47   0.178723   0.370929    0.24122
      0.48   0.164378   0.358285   0.225362
      0.49   0.154372   0.351802   0.214584
       0.5   0.136709   0.343102   0.195515
      0.51   0.120476   0.331555   0.176733
      0.52   0.110521   0.324561   0.164892
      0.53  0.0982184   0.322176   0.150542
      0.54  0.0942876   0.313305   0.144952
      0.55  0.0875491   0.305755   0.136122
      0.56  0.0829037   0.304147   0.130293
      0.57  0.0725918   0.302972   0.117121
      0.58   0.070754   0.296477   0.114244
      0.59  0.0687631   0.293467   0.111419
       0.6  0.0643218   0.288639     0.1052
      0.61  0.0629945   0.288889   0.103434
      0.62  0.0604931   0.289037   0.100047
      0.63  0.0598805   0.291383  0.0993452
      0.64  0.0577875   0.290931  0.0964226
      0.65  0.0533463   0.283619  0.0898016
      0.66  0.0475267   0.279799  0.0812519
      0.67  0.0466078   0.279129  0.0798779
      0.68  0.0464036   0.281414    0.07967
      0.69  0.0421155    0.27957  0.0732033
       0.7  0.0409924   0.286744  0.0717303
      0.71  0.0409924   0.302752  0.0722079
      0.72  0.0399714   0.307568  0.0707484
      0.73  0.0391546   0.318339  0.0697324
      0.74  0.0376232    0.32963  0.0675377
      0.75  0.0367043   0.339394  0.0662444
      0.76  0.0360917   0.349036  0.0654188
      0.77  0.0323141   0.372881  0.0594741
      0.78  0.0306805    0.37018  0.0566646
      0.79  0.0290469   0.382271  0.0539913
       0.8  0.0285875   0.407407  0.0534261
      0.81   0.027107   0.476378  0.0512953
      0.82  0.0245546   0.525581  0.0469173
      0.83  0.0227679   0.560209  0.0437574
      0.84  0.0192455   0.598726  0.0372923
      0.85  0.0184287   0.601351  0.0357615
      0.86  0.0132217        0.6  0.0258733
      0.87 0.00893359   0.585366  0.0175986
      0.88 0.00781051    0.59633  0.0154191
      0.89 0.00724897       0.58   0.014319
       0.9 0.00627903   0.511905  0.0124059
      0.91 0.00449232   0.432836 0.00889234
      0.92 0.00229721   0.383333 0.00456705
      0.93 0.00204196      0.375 0.00406181
      0.94 0.00183777   0.352941 0.00365649
      0.95 0.00163357   0.365854 0.00325262
      0.96 0.00142937   0.382353  0.0028481
      0.97 0.00112308       0.44 0.00224044
      0.98 0.000918883   0.428571 0.00183383
      0.99 0.000663638   0.428571 0.00132522
