         0          1   0.273534   0.429567
      0.01   0.962918   0.420378   0.585254
      0.02   0.960643   0.429632   0.593729
      0.03   0.958949   0.437972   0.601312
      0.04   0.952704   0.450987   0.612182
      0.05   0.949993   0.459059   0.619002
      0.06   0.936777   0.469327   0.625352
      0.07   0.928354   0.477607   0.630727
      0.08   0.911362   0.492694   0.639608
      0.09    0.89742        0.5   0.642198
       0.1   0.878104     0.5113   0.646284
      0.11   0.856175   0.523623   0.649824
      0.12   0.849349   0.531309   0.653698
      0.13   0.827516   0.541511   0.654639
      0.14   0.814155   0.548205   0.655222
      0.15   0.800988   0.560937   0.659807
      0.16   0.793532    0.57078   0.663972
      0.17   0.780946   0.586136   0.669661
      0.18   0.770102    0.59612   0.672033
      0.19    0.75311    0.61272     0.6757
       0.2   0.727405    0.62123   0.670138
      0.21   0.703151   0.635084   0.667387
      0.22    0.69163   0.647695   0.668942
      0.23   0.678124   0.655038   0.666381
      0.24   0.653677   0.662545   0.658081
      0.25   0.641332   0.667845    0.65432
      0.26   0.617515   0.676605   0.645711
      0.27   0.602943   0.683193   0.640565
      0.28   0.582418   0.693548   0.633143
      0.29   0.567265   0.699096   0.626319
       0.3   0.531442   0.706503   0.606595
      0.31   0.488648   0.713069   0.579903
      0.32   0.463911   0.719092   0.563979
      0.33   0.430508   0.725793   0.540447
      0.34   0.413032   0.738901   0.529874
      0.35   0.394927   0.745446   0.516316
      0.36   0.381953   0.748663   0.505838
      0.37   0.363993   0.755145   0.491213
      0.38   0.344435   0.758267   0.473698
      0.39   0.323329   0.763941   0.454356
       0.4   0.305708   0.771124   0.437837
      0.41   0.292685   0.781625   0.425892
      0.42   0.285424   0.806138   0.421581
      0.43   0.283245   0.814701   0.420349
      0.44   0.279615   0.833599   0.418763
      0.45   0.277146    0.84078   0.416877
      0.46   0.274435   0.848259   0.414702
      0.47   0.271918   0.858108   0.412972
      0.48   0.269836   0.867647    0.41165
      0.49   0.267706   0.879646   0.410487
       0.5   0.264995   0.888688   0.408254
      0.51   0.261751   0.902235    0.40578
      0.52   0.260396   0.914286   0.405346
      0.53    0.25207    0.92186   0.395889
      0.54   0.251295   0.932596   0.395909
      0.55   0.249794   0.940635   0.394757
      0.56   0.247325   0.947753   0.392281
      0.57    0.24689    0.95966    0.39274
      0.58   0.245534   0.966738   0.391607
      0.59    0.24263   0.971554    0.38829
       0.6   0.241952   0.971334   0.387404
      0.61   0.239919   0.973184   0.384939
      0.62   0.237498   0.978385   0.382215
      0.63   0.236288   0.978211   0.380633
      0.64   0.231786   0.981176   0.374987
      0.65   0.230721   0.982185   0.373666
      0.66   0.229123   0.985437     0.3718
      0.67   0.225783   0.986352   0.367453
      0.68   0.222636    0.98855   0.363424
      0.69   0.218376   0.989556   0.357794
       0.7   0.215036   0.991935    0.35345
      0.71   0.206129   0.997063    0.34163
      0.72   0.199981   0.996923   0.333135
      0.73   0.182795          1    0.30909
      0.74   0.168417          1   0.288283
      0.75   0.159994          1   0.275853
      0.76   0.153991          1   0.266885
      0.77   0.145955          1   0.254731
      0.78   0.140146          1   0.245839
      0.79   0.134724          1   0.237457
       0.8   0.129206          1   0.228843
      0.81   0.117248          1   0.209888
      0.82   0.110229          1    0.19857
      0.83  0.0970615          1   0.176948
      0.84  0.0822966          1   0.152078
      0.85  0.0761969          1   0.141604
      0.86  0.0601733          1   0.113516
      0.87  0.0554776          1   0.105123
      0.88   0.041826          1  0.0802937
      0.89  0.0389214          1  0.0749266
       0.9  0.0296752          1  0.0576399
      0.91  0.0229462          1   0.044863
      0.92  0.0184441          1  0.0362202
      0.93  0.0165561          1   0.032573
      0.94  0.0125865          1  0.0248602
      0.95  0.0119572          1  0.0236318
      0.96  0.0103597          1  0.0205069
      0.97 0.00885898          1  0.0175624
      0.98 0.00808443          1  0.0160392
      0.99 0.00605122          1  0.0120296
