         0          1   0.279386    0.43675
      0.01   0.906499   0.381747   0.537247
      0.02   0.897284   0.391646   0.545286
      0.03    0.88737   0.398084   0.549608
      0.04   0.869182   0.407979   0.555306
      0.05   0.853404   0.414727   0.558191
      0.06   0.828237   0.425416    0.56211
      0.07   0.810005   0.432728   0.564099
      0.08   0.783656   0.444186   0.566993
      0.09   0.764768   0.451586   0.567859
       0.1   0.736232   0.462646   0.568223
      0.11   0.707055   0.473385   0.567092
      0.12   0.687171   0.480334   0.565431
      0.13   0.659382   0.491059   0.562907
      0.14   0.640448   0.498558   0.560665
      0.15   0.613876   0.509361   0.556756
      0.16   0.596557   0.516541   0.553673
      0.17   0.570226   0.526945   0.547732
      0.18   0.554421   0.534438   0.544246
      0.19   0.530706    0.54553   0.538016
       0.2   0.515365   0.552997   0.533518
      0.21   0.493126   0.563987   0.526181
      0.22   0.470739   0.575523   0.517884
      0.23   0.456777   0.582967   0.512214
      0.24    0.43626   0.593821    0.50299
      0.25   0.424284    0.60112   0.497454
      0.26   0.405158   0.611937   0.487528
      0.27   0.393163   0.618559   0.480754
      0.28   0.376051    0.62991    0.47095
      0.29   0.365055   0.636567   0.464011
       0.3   0.348348   0.646198   0.452673
      0.31   0.332832   0.656313   0.441679
      0.32   0.323252   0.663775   0.434773
      0.33   0.309369   0.673328   0.423949
      0.34   0.301462   0.679627   0.417661
      0.35   0.288716   0.688642   0.406856
      0.36   0.280052   0.694513   0.399152
      0.37   0.266608   0.703374   0.386657
      0.38   0.258462   0.709143   0.378846
      0.39   0.246839    0.71738   0.367296
       0.4   0.239128   0.722573   0.359338
      0.41   0.229325   0.730497   0.349067
      0.42   0.219216    0.73834    0.33806
      0.43   0.212208   0.743145   0.330143
      0.44   0.202574   0.750523   0.319037
      0.45   0.196643    0.75455    0.31198
      0.46    0.18859   0.761085   0.302278
      0.47   0.183165   0.765385   0.295591
      0.48    0.17484   0.771338   0.285065
      0.49   0.169268   0.775249   0.277866
       0.5   0.161065   0.780959   0.267054
      0.51   0.153672   0.787143   0.257142
      0.52   0.149651    0.79175   0.251723
      0.53    0.14307   0.797302   0.242606
      0.54   0.139274    0.80157   0.237315
      0.55   0.132828    0.80666   0.228097
      0.56   0.128941   0.810052    0.22247
      0.57   0.122692   0.815667   0.213299
      0.58   0.118554   0.817886    0.20709
      0.59   0.113384   0.821943   0.199278
       0.6   0.109822   0.823865   0.193809
      0.61   0.104309   0.828429   0.185287
      0.62   0.099261   0.832306   0.177369
      0.63  0.0961662   0.834432   0.172457
      0.64  0.0913169   0.841121   0.164748
      0.65  0.0882099   0.843497   0.159717
      0.66  0.0832528   0.848779   0.151633
      0.67  0.0803665   0.851316   0.146868
      0.68  0.0753769   0.851652   0.138496
      0.69  0.0721386   0.852612   0.133022
       0.7  0.0671785   0.858433   0.124606
      0.71  0.0625347     0.8627   0.116616
      0.72  0.0597104   0.868104   0.111735
      0.73  0.0552629   0.875159   0.103961
      0.74  0.0525575   0.881466  0.0992003
      0.75  0.0493824   0.887534  0.0935591
      0.76  0.0471581   0.893822  0.0895894
      0.77   0.043813   0.899395  0.0835558
      0.78  0.0416366   0.901092  0.0795953
      0.79  0.0386272   0.906712  0.0740977
       0.8  0.0367589   0.911443  0.0706677
      0.81  0.0336711   0.920268  0.0649653
      0.82  0.0312587   0.925941  0.0604758
      0.83   0.029364   0.930049  0.0569305
      0.84  0.0267207   0.933283  0.0519539
      0.85  0.0249185   0.931466  0.0485385
      0.86  0.0216284   0.932959  0.0422766
      0.87   0.019874   0.932026  0.0389181
      0.88  0.0176589   0.932448  0.0346613
      0.89  0.0163367   0.930442  0.0321096
       0.9  0.0141033   0.928537  0.0277846
      0.91   0.012233   0.928894  0.0241479
      0.92  0.0107593   0.923977  0.0212708
      0.93 0.00931201   0.924441  0.0184383
      0.94 0.00837532   0.924912  0.0166003
      0.95 0.00720369   0.925845  0.0142961
      0.96  0.0062192   0.926273  0.0123554
      0.97 0.00452684   0.918534 0.00900928
      0.98 0.00347522   0.894578 0.00692355
      0.99 0.00257514   0.889474 0.00513542
