    119082       0.04   0.906418    0.61645   0.733828
     58060          0          1   0.374026   0.544424
     42049       0.09   0.879031   0.822019   0.849569
     24077       0.01   0.856509    0.56138   0.678229
     78004       0.17   0.783165   0.740324   0.761142
     45096       0.03   0.854445   0.621923   0.719874
     38092       0.26   0.745317   0.749467   0.747386
     43074       0.12   0.576369   0.737991   0.647243
     16077       0.11   0.738009   0.419661   0.535064
     86000       0.06   0.765443    0.54013   0.633345
    101085        0.1   0.767871   0.438953   0.558589
     89072       0.03   0.821941   0.412839   0.549619
    126007       0.07   0.796941   0.573214   0.666811
     76053       0.09   0.688932   0.596253   0.639251
     86016       0.08   0.719022   0.618669   0.665081
    103070       0.14   0.677464   0.511815   0.583103
      8023       0.07    0.92677   0.182886   0.305487
     41033       0.16   0.692915   0.529016   0.599973
    109053       0.03   0.883727   0.364478     0.5161
    130026       0.36   0.354912   0.515337   0.420338
    108082       0.01   0.795047   0.176056   0.288276
     69040          0          1   0.319512   0.484288
     14037        0.1   0.749594   0.592617   0.661926
     54082       0.01   0.840217   0.629331   0.719643
     62096       0.27   0.662576   0.704537   0.682913
     12084       0.02    0.94695   0.313672   0.471247
     69015       0.02   0.878759   0.675686   0.763958
     97033       0.19    0.75311    0.61272     0.6757
     19021       0.07   0.718407   0.607749   0.658461
     86068   0.287879   0.588292   0.530357   0.557824
      3096       0.13   0.725844   0.853053   0.784324
     41069       0.18   0.596495   0.655524   0.624618
     21077       0.12   0.756239   0.617167   0.679662
    108070          0          1   0.230724    0.37494
    123074   0.212525   0.502014   0.380688   0.433013
     38082       0.02   0.902235   0.436723   0.588557
     33039       0.26   0.576311   0.524112   0.548973
    108005       0.09    0.74741   0.418853   0.536852
    106024       0.17   0.606881   0.534059   0.568146
    102061       0.15   0.659583   0.386575   0.487456
     37073       0.01   0.969927    0.75991    0.85217
     65033       0.05   0.820742   0.482373   0.607627
     55073       0.04   0.857653   0.463903    0.60212
     66053   0.100101   0.689209   0.546154   0.609399
     85048       0.19    0.70642   0.639064   0.671056
     42012       0.01    0.81024   0.472671   0.597044
     87046  0.0666667   0.887284     0.4421    0.59015
    105025    0.28798    0.47017   0.535546   0.500733
    101087       0.06   0.880533   0.678859   0.766655
     69020       0.15   0.626561   0.572053   0.598068
